format version:	1.3
age units:	ma

Planktonic_foraminifer_morphospecies FAD frequency for window size 1Ma slide window 0.1Ma	point	150	255/245/230
	0.5	5
	0.6	4
	0.7	3
	0.8	2
	0.9	2
	1	1
	1.1	1
	1.2	2
	1.3	2
	1.4	1
	1.5	5
	1.6	7
	1.7	7
	1.8	7
	1.9	7
	2	8
	2.1	9
	2.2	9
	2.3	9
	2.4	9
	2.5	5
	2.6	3
	2.7	3
	2.8	3
	2.9	5
	3	4
	3.1	5
	3.2	5
	3.3	7
	3.4	7
	3.5	7
	3.6	7
	3.7	7
	3.8	8
	3.9	8
	4	11
	4.1	10
	4.2	12
	4.3	10
	4.4	11
	4.5	12
	4.6	14
	4.7	14
	4.8	14
	4.9	12
	5	10
	5.1	11
	5.2	9
	5.3	12
	5.4	13
	5.5	12
	5.6	12
	5.7	13
	5.8	14
	5.9	14
	6	13
	6.1	11
	6.2	11
	6.3	9
	6.4	7
	6.5	7
	6.6	5
	6.7	5
	6.8	3
	6.9	4
	7	4
	7.1	4
	7.2	3
	7.3	3
	7.4	3
	7.5	3
	7.6	3
	7.7	2
	7.8	2
	7.9	1
	8	2
	8.1	4
	8.2	4
	8.3	3
	8.4	4
	8.5	5
	8.6	5
	8.7	5
	8.8	6
	8.9	6
	9	6
	9.1	4
	9.2	5
	9.3	5
	9.4	5
	9.5	5
	9.6	5
	9.7	5
	9.8	4
	9.9	4
	10	3
	10.1	3
	10.2	3
	10.3	3
	10.4	3
	10.5	3
	10.6	3
	10.7	4
	10.8	4
	10.9	4
	11	5
	11.1	5
	11.2	5
	11.3	5
	11.4	4
	11.5	3
	11.6	3
	11.7	2
	11.8	2
	11.9	2
	12	2
	12.1	2
	12.2	1
	12.3	1
	12.4	1
	12.5	1
	12.6	1
	12.7	2
	12.8	2
	12.9	4
	13	3
	13.1	4
	13.2	6
	13.3	8
	13.4	9
	13.5	9
	13.6	12
	13.7	11
	13.8	12
	13.9	10
	14	10
	14.1	9
	14.2	7
	14.3	7
	14.4	6
	14.5	7
	14.6	6
	14.7	7
	14.8	6
	14.9	6
	15	6
	15.1	6
	15.2	6
	15.3	5
	15.4	5
	15.5	5
	15.6	3
	15.7	2
	15.8	5
	15.9	8
	16	8
	16.1	8
	16.2	9
	16.3	8
	16.4	8
	16.5	7
	16.6	7
	16.7	8
	16.8	7
	16.9	4
	17	4
	17.1	7
	17.2	6
	17.3	6
	17.4	6
	17.5	6
	17.6	6
	17.7	6
	17.8	5
	17.9	6
	18	7
	18.1	5
	18.2	5
	18.3	5
	18.4	5
	18.5	5
	18.6	6
	18.7	5
	18.8	4
	18.9	3
	19	2
	19.1	1
	19.2	1
	19.3	1
	19.4	1
	19.5	1
	19.6	0
	19.7	0
	19.8	0
	19.9	0
	20	0
	20.1	0
	20.2	0
	20.3	1
	20.4	1
	20.5	1
	20.6	1
	20.7	3
	20.8	3
	20.9	4
	21	5
	21.1	5
	21.2	5
	21.3	4
	21.4	5
	21.5	6
	21.6	6
	21.7	4
	21.8	6
	21.9	5
	22	8
	22.1	8
	22.2	8
	22.3	8
	22.4	7
	22.5	9
	22.6	9
	22.7	9
	22.8	7
	22.9	7
	23	3
	23.1	3
	23.2	3
	23.3	3
	23.4	3
	23.5	0
	23.6	0
	23.7	0
	23.8	0
	23.9	0
	24	0
	24.1	0
	24.2	0
	24.3	0
	24.4	1
	24.5	1
	24.6	1
	24.7	1
	24.8	3
	24.9	4
	25	4
	25.1	4
	25.2	4
	25.3	4
	25.4	3


Planktonic_foraminifer_morphospecies LAD frequency for window size 1Ma slide window 0.1Ma	point	150	255/245/230
	0.5	48
	0.6	7
	0.7	7
	0.8	7
	0.9	8
	1	9
	1.1	7
	1.2	8
	1.3	8
	1.4	10
	1.5	11
	1.6	12
	1.7	12
	1.8	12
	1.9	17
	2	16
	2.1	16
	2.2	14
	2.3	15
	2.4	11
	2.5	11
	2.6	9
	2.7	11
	2.8	10
	2.9	6
	3	6
	3.1	6
	3.2	7
	3.3	8
	3.4	10
	3.5	9
	3.6	9
	3.7	9
	3.8	9
	3.9	10
	4	12
	4.1	14
	4.2	13
	4.3	11
	4.4	13
	4.5	13
	4.6	14
	4.7	12
	4.8	10
	4.9	11
	5	9
	5.1	8
	5.2	8
	5.3	8
	5.4	6
	5.5	8
	5.6	7
	5.7	7
	5.8	7
	5.9	5
	6	5
	6.1	4
	6.2	4
	6.3	4
	6.4	2
	6.5	1
	6.6	1
	6.7	1
	6.8	1
	6.9	1
	7	1
	7.1	1
	7.2	1
	7.3	1
	7.4	1
	7.5	0
	7.6	1
	7.7	1
	7.8	1
	7.9	1
	8	1
	8.1	1
	8.2	1
	8.3	1
	8.4	2
	8.5	2
	8.6	2
	8.7	2
	8.8	3
	8.9	3
	9	3
	9.1	3
	9.2	3
	9.3	3
	9.4	3
	9.5	3
	9.6	2
	9.7	2
	9.8	3
	9.9	3
	10	6
	10.1	6
	10.2	6
	10.3	6
	10.4	5
	10.5	5
	10.6	5
	10.7	5
	10.8	3
	10.9	4
	11	1
	11.1	2
	11.2	2
	11.3	5
	11.4	5
	11.5	5
	11.6	5
	11.7	5
	11.8	5
	11.9	4
	12	7
	12.1	6
	12.2	6
	12.3	3
	12.4	3
	12.5	3
	12.6	3
	12.7	4
	12.8	4
	12.9	5
	13	2
	13.1	3
	13.2	4
	13.3	5
	13.4	8
	13.5	8
	13.6	8
	13.7	7
	13.8	8
	13.9	7
	14	8
	14.1	8
	14.2	7
	14.3	8
	14.4	5
	14.5	5
	14.6	7
	14.7	7
	14.8	6
	14.9	6
	15	5
	15.1	5
	15.2	7
	15.3	5
	15.4	5
	15.5	6
	15.6	4
	15.7	4
	15.8	4
	15.9	10
	16	10
	16.1	9
	16.2	7
	16.3	7
	16.4	8
	16.5	8
	16.6	8
	16.7	8
	16.8	8
	16.9	2
	17	2
	17.1	4
	17.2	4
	17.3	4
	17.4	3
	17.5	2
	17.6	2
	17.7	2
	17.8	2
	17.9	2
	18	2
	18.1	0
	18.2	0
	18.3	0
	18.4	0
	18.5	0
	18.6	1
	18.7	1
	18.8	1
	18.9	3
	19	3
	19.1	3
	19.2	3
	19.3	3
	19.4	3
	19.5	3
	19.6	2
	19.7	2
	19.8	2
	19.9	0
	20	0
	20.1	0
	20.2	0
	20.3	0
	20.4	0
	20.5	1
	20.6	1
	20.7	2
	20.8	2
	20.9	2
	21	2
	21.1	2
	21.2	3
	21.3	3
	21.4	4
	21.5	3
	21.6	3
	21.7	2
	21.8	2
	21.9	2
	22	2
	22.1	2
	22.2	2
	22.3	2
	22.4	2
	22.5	5
	22.6	8
	22.7	8
	22.8	8
	22.9	9
	23	9
	23.1	10
	23.2	9
	23.3	9
	23.4	8
	23.5	5
	23.6	2
	23.7	2
	23.8	2
	23.9	1
	24	1
	24.1	0
	24.2	0
	24.3	1
	24.4	1
	24.5	1
	24.6	1
	24.7	1
	24.8	1
	24.9	1
	25	1
	25.1	1
	25.2	1
	25.3	0
	25.4	0


Planktonic_foraminifer_morphospecies FAD+LAD frequency for window size 1Ma slide window 0.1Ma	point	150	255/245/230
	0.5	53
	0.6	11
	0.7	10
	0.8	9
	0.9	10
	1	10
	1.1	8
	1.2	10
	1.3	10
	1.4	11
	1.5	16
	1.6	19
	1.7	19
	1.8	19
	1.9	24
	2	24
	2.1	25
	2.2	23
	2.3	24
	2.4	20
	2.5	16
	2.6	12
	2.7	14
	2.8	13
	2.9	11
	3	10
	3.1	11
	3.2	12
	3.3	15
	3.4	17
	3.5	16
	3.6	16
	3.7	16
	3.8	17
	3.9	18
	4	23
	4.1	24
	4.2	25
	4.3	21
	4.4	24
	4.5	25
	4.6	28
	4.7	26
	4.8	24
	4.9	23
	5	19
	5.1	19
	5.2	17
	5.3	20
	5.4	19
	5.5	20
	5.6	19
	5.7	20
	5.8	21
	5.9	19
	6	18
	6.1	15
	6.2	15
	6.3	13
	6.4	9
	6.5	8
	6.6	6
	6.7	6
	6.8	4
	6.9	5
	7	5
	7.1	5
	7.2	4
	7.3	4
	7.4	4
	7.5	3
	7.6	4
	7.7	3
	7.8	3
	7.9	2
	8	3
	8.1	5
	8.2	5
	8.3	4
	8.4	6
	8.5	7
	8.6	7
	8.7	7
	8.8	9
	8.9	9
	9	9
	9.1	7
	9.2	8
	9.3	8
	9.4	8
	9.5	8
	9.6	7
	9.7	7
	9.8	7
	9.9	7
	10	9
	10.1	9
	10.2	9
	10.3	9
	10.4	8
	10.5	8
	10.6	8
	10.7	9
	10.8	7
	10.9	8
	11	6
	11.1	7
	11.2	7
	11.3	10
	11.4	9
	11.5	8
	11.6	8
	11.7	7
	11.8	7
	11.9	6
	12	9
	12.1	8
	12.2	7
	12.3	4
	12.4	4
	12.5	4
	12.6	4
	12.7	6
	12.8	6
	12.9	9
	13	5
	13.1	7
	13.2	10
	13.3	13
	13.4	17
	13.5	17
	13.6	20
	13.7	18
	13.8	20
	13.9	17
	14	18
	14.1	17
	14.2	14
	14.3	15
	14.4	11
	14.5	12
	14.6	13
	14.7	14
	14.8	12
	14.9	12
	15	11
	15.1	11
	15.2	13
	15.3	10
	15.4	10
	15.5	11
	15.6	7
	15.7	6
	15.8	9
	15.9	18
	16	18
	16.1	17
	16.2	16
	16.3	15
	16.4	16
	16.5	15
	16.6	15
	16.7	16
	16.8	15
	16.9	6
	17	6
	17.1	11
	17.2	10
	17.3	10
	17.4	9
	17.5	8
	17.6	8
	17.7	8
	17.8	7
	17.9	8
	18	9
	18.1	5
	18.2	5
	18.3	5
	18.4	5
	18.5	5
	18.6	7
	18.7	6
	18.8	5
	18.9	6
	19	5
	19.1	4
	19.2	4
	19.3	4
	19.4	4
	19.5	4
	19.6	2
	19.7	2
	19.8	2
	19.9	0
	20	0
	20.1	0
	20.2	0
	20.3	1
	20.4	1
	20.5	2
	20.6	2
	20.7	5
	20.8	5
	20.9	6
	21	7
	21.1	7
	21.2	8
	21.3	7
	21.4	9
	21.5	9
	21.6	9
	21.7	6
	21.8	8
	21.9	7
	22	10
	22.1	10
	22.2	10
	22.3	10
	22.4	9
	22.5	14
	22.6	17
	22.7	17
	22.8	15
	22.9	16
	23	12
	23.1	13
	23.2	12
	23.3	12
	23.4	11
	23.5	5
	23.6	2
	23.7	2
	23.8	2
	23.9	1
	24	1
	24.1	0
	24.2	0
	24.3	1
	24.4	2
	24.5	2
	24.6	2
	24.7	2
	24.8	4
	24.9	5
	25	5
	25.1	5
	25.2	5
	25.3	4
	25.4	3


Planktonic_foraminifer_morphospecies FAD-LAD frequency for window size 1Ma slide window 0.1Ma	point	150	255/245/230
	0.5	-43
	0.6	-3
	0.7	-4
	0.8	-5
	0.9	-6
	1	-8
	1.1	-6
	1.2	-6
	1.3	-6
	1.4	-9
	1.5	-6
	1.6	-5
	1.7	-5
	1.8	-5
	1.9	-10
	2	-8
	2.1	-7
	2.2	-5
	2.3	-6
	2.4	-2
	2.5	-6
	2.6	-6
	2.7	-8
	2.8	-7
	2.9	-1
	3	-2
	3.1	-1
	3.2	-2
	3.3	-1
	3.4	-3
	3.5	-2
	3.6	-2
	3.7	-2
	3.8	-1
	3.9	-2
	4	-1
	4.1	-4
	4.2	-1
	4.3	-1
	4.4	-2
	4.5	-1
	4.6	0
	4.7	2
	4.8	4
	4.9	1
	5	1
	5.1	3
	5.2	1
	5.3	4
	5.4	7
	5.5	4
	5.6	5
	5.7	6
	5.8	7
	5.9	9
	6	8
	6.1	7
	6.2	7
	6.3	5
	6.4	5
	6.5	6
	6.6	4
	6.7	4
	6.8	2
	6.9	3
	7	3
	7.1	3
	7.2	2
	7.3	2
	7.4	2
	7.5	3
	7.6	2
	7.7	1
	7.8	1
	7.9	0
	8	1
	8.1	3
	8.2	3
	8.3	2
	8.4	2
	8.5	3
	8.6	3
	8.7	3
	8.8	3
	8.9	3
	9	3
	9.1	1
	9.2	2
	9.3	2
	9.4	2
	9.5	2
	9.6	3
	9.7	3
	9.8	1
	9.9	1
	10	-3
	10.1	-3
	10.2	-3
	10.3	-3
	10.4	-2
	10.5	-2
	10.6	-2
	10.7	-1
	10.8	1
	10.9	0
	11	4
	11.1	3
	11.2	3
	11.3	0
	11.4	-1
	11.5	-2
	11.6	-2
	11.7	-3
	11.8	-3
	11.9	-2
	12	-5
	12.1	-4
	12.2	-5
	12.3	-2
	12.4	-2
	12.5	-2
	12.6	-2
	12.7	-2
	12.8	-2
	12.9	-1
	13	1
	13.1	1
	13.2	2
	13.3	3
	13.4	1
	13.5	1
	13.6	4
	13.7	4
	13.8	4
	13.9	3
	14	2
	14.1	1
	14.2	0
	14.3	-1
	14.4	1
	14.5	2
	14.6	-1
	14.7	0
	14.8	0
	14.9	0
	15	1
	15.1	1
	15.2	-1
	15.3	0
	15.4	0
	15.5	-1
	15.6	-1
	15.7	-2
	15.8	1
	15.9	-2
	16	-2
	16.1	-1
	16.2	2
	16.3	1
	16.4	0
	16.5	-1
	16.6	-1
	16.7	0
	16.8	-1
	16.9	2
	17	2
	17.1	3
	17.2	2
	17.3	2
	17.4	3
	17.5	4
	17.6	4
	17.7	4
	17.8	3
	17.9	4
	18	5
	18.1	5
	18.2	5
	18.3	5
	18.4	5
	18.5	5
	18.6	5
	18.7	4
	18.8	3
	18.9	0
	19	-1
	19.1	-2
	19.2	-2
	19.3	-2
	19.4	-2
	19.5	-2
	19.6	-2
	19.7	-2
	19.8	-2
	19.9	0
	20	0
	20.1	0
	20.2	0
	20.3	1
	20.4	1
	20.5	0
	20.6	0
	20.7	1
	20.8	1
	20.9	2
	21	3
	21.1	3
	21.2	2
	21.3	1
	21.4	1
	21.5	3
	21.6	3
	21.7	2
	21.8	4
	21.9	3
	22	6
	22.1	6
	22.2	6
	22.3	6
	22.4	5
	22.5	4
	22.6	1
	22.7	1
	22.8	-1
	22.9	-2
	23	-6
	23.1	-7
	23.2	-6
	23.3	-6
	23.4	-5
	23.5	-5
	23.6	-2
	23.7	-2
	23.8	-2
	23.9	-1
	24	-1
	24.1	0
	24.2	0
	24.3	-1
	24.4	0
	24.5	0
	24.6	0
	24.7	0
	24.8	2
	24.9	3
	25	3
	25.1	3
	25.2	3
	25.3	4
	25.4	3
