format version:	1.3
age units:	Ma

event Column 0.25 Million Year Event Frequencies	point	150	255/245/230
	0	208
	0.25	0
	0.5	0
	0.75	0
	1	5
	1.25	0
	1.5	0
	1.75	7
	2	0
	2.25	0
	2.5	93
	2.75	0
	3	0
	3.25	0
	3.5	35
	3.75	0
	4	0
	4.25	0
	4.5	0
	4.75	0
	5	0
	5.25	136
	5.5	0
	5.75	0
	6	0
	6.25	0
	6.5	0
	6.75	0
	7	0
	7.25	30
	7.5	0
	7.75	0
	8	0
	8.25	0
	8.5	0
	8.75	0
	9	0
	9.25	0
	9.5	0
	9.75	0
	10	0
	10.25	0
	10.5	0
	10.75	0
	11	0
	11.25	0
	11.5	0
	11.75	101
	12	0
	12.25	0
	12.5	0
	12.75	0
	13	0
	13.25	0
	13.5	0
	13.75	0
	14	0
	14.25	0
	14.5	0
	14.75	0
	15	0
	15.25	0
	15.5	0
	15.75	0
	16	102
	16.25	0
	16.5	0
	16.75	0
	17	0
	17.25	0
	17.5	0
	17.75	0
	18	0
	18.25	0
	18.5	0
	18.75	0
	19	0
	19.25	0
	19.5	0
	19.75	0
	20	0
	20.25	0
	20.5	53
	20.75	0
	21	0
	21.25	0
	21.5	0
	21.75	0
	22	0
	22.25	0
	22.5	0
	22.75	0
	23	132
	23.25	0
	23.5	0
	23.75	0
	24	0
	24.25	0
	24.5	0
	24.75	0
	25	0
	25.25	0
	25.5	0
	25.75	0
	26	0
	26.25	0
	26.5	0
	26.75	0
	27	0
	27.25	0
	27.5	0
	27.75	0
	28	113
	28.25	0
	28.5	0
	28.75	0
	29	0
	29.25	0
	29.5	0
	29.75	0
	30	0
	30.25	0
	30.5	0
	30.75	0
	31	6
	31.25	0
	31.5	0
	31.75	0
	32	0
	32.25	0
	32.5	0
	32.75	0
	33	0
	33.25	0
	33.5	0
	33.75	0
	34	144
	34.25	0
	34.5	0
	34.75	0
	35	0
	35.25	0
	35.5	0
	35.75	0
	36	0
	36.25	0
	36.5	0
	36.75	0
	37	0
	37.25	0
	37.5	0
	37.75	115
	38	0
	38.25	0
	38.5	0
	38.75	0
	39	0
	39.25	0
	39.5	0
	39.75	0
	40	0
	40.25	0
	40.5	0
	40.75	0
	41	0
	41.25	81
	41.5	0
	41.75	0
	42	0
	42.25	0
	42.5	0
	42.75	0
	43	0
	43.25	0
	43.5	0
	43.75	0
	44	0
	44.25	0
	44.5	0
	44.75	0
	45	0
	45.25	0
	45.5	0
	45.75	0
	46	0
	46.25	0
	46.5	0
	46.75	0
	47	0
	47.25	0
	47.5	0
	47.75	143
	48	0
	48.25	0
	48.5	0
	48.75	0
	49	0
	49.25	0
	49.5	0
	49.75	0
	50	0
	50.25	0
	50.5	0
	50.75	0
	51	0
	51.25	0
	51.5	0
	51.75	0
	52	0
	52.25	0
	52.5	0
	52.75	0
	53	0
	53.25	0
	53.5	0
	53.75	0
	54	0
	54.25	0
	54.5	0
	54.75	0
	55	0
	55.25	0
	55.5	0
	55.75	1
	56	135
	56.25	0
	56.5	0
	56.75	0
	57	0
	57.25	0
	57.5	23
	57.75	0
	58	0
	58.25	0
	58.5	0
	58.75	0
	59	0
	59.25	65
	59.5	0
	59.75	0
	60	0
	60.25	0
	60.5	0
	60.75	0
	61	0
	61.25	0
	61.5	40
	61.75	0
	62	0
	62.25	0
	62.5	0
	62.75	13
	63	0
	63.25	0
	63.5	0
	63.75	0
	64	0
	64.25	0
	64.5	0
	64.75	0
	65	0
	65.25	0
	65.5	0
	65.75	0
	66	190
	66.25	0
	66.5	0
	66.75	0
	67	0
	67.25	0
	67.5	70
	67.75	0
	68	0
	68.25	0
	68.5	0
	68.75	0
	69	0
	69.25	0
	69.5	0
	69.75	0
	70	0
	70.25	0
	70.5	18
	70.75	0
	71	0
	71.25	0
	71.5	0
	71.75	0
	72	116
	72.25	0
	72.5	0
	72.75	0
	73	0
	73.25	0
	73.5	0
	73.75	0
	74	0
	74.25	0
	74.5	0
	74.75	0
	75	0
	75.25	0
	75.5	0
	75.75	0
	76	0
	76.25	0
	76.5	0
	76.75	0
	77	0
	77.25	0
	77.5	0
	77.75	0
	78	69
	78.25	0
	78.5	0
	78.75	0
	79	0
	79.25	0
	79.5	0
	79.75	0
	80	0
	80.25	0
	80.5	0
	80.75	0
	81	0
	81.25	0
	81.5	0
	81.75	0
	82	0
	82.25	0
	82.5	0
	82.75	0
	83	0
	83.25	0
	83.5	0
	83.75	104
	84	0
	84.25	0
	84.5	0
	84.75	0
	85	39
	85.25	0
	85.5	0
	85.75	0
	86	0
	86.25	69
	86.5	0
	86.75	0
	87	0
	87.25	0
	87.5	0
	87.75	0
	88	14
	88.25	0
	88.5	0
	88.75	0
	89	0
	89.25	0
	89.5	0
	89.75	84
	90	0
	90.25	0
	90.5	0
	90.75	0
	91	0
	91.25	0
	91.5	13
	91.75	32
	92	0
	92.25	0
	92.5	0
	92.75	0
	93	0
	93.25	0
	93.5	0
	93.75	0
	94	115
	94.25	0
	94.5	0
	94.75	0
	95	0
	95.25	0
	95.5	27
	95.75	0
	96	0
	96.25	50
	96.5	0
	96.75	0
	97	0
	97.25	0
	97.5	0
	97.75	0
	98	0
	98.25	0
	98.5	0
	98.75	0
	99	0
	99.25	0
	99.5	2
	99.75	0
	100	0
	100.25	0
	100.5	154
	100.75	0
	101	0
	101.25	0
	101.5	0
	101.75	0
	102	0
	102.25	0
	102.5	0
	102.75	0
	103	0
	103.25	0
	103.5	0
	103.75	0
	104	0
	104.25	0
	104.5	0
	104.75	0
	105	0
	105.25	0
	105.5	0
	105.75	0
	106	0
	106.25	0
	106.5	0
	106.75	0
	107	0
	107.25	0
	107.5	48
	107.75	0
	108	0
	108.25	0
	108.5	0
	108.75	0
	109	0
	109.25	0
	109.5	0
	109.75	0
	110	0
	110.25	33
	110.5	0
	110.75	0
	111	0
	111.25	0
	111.5	0
	111.75	0
	112	1
	112.25	0
	112.5	0
	112.75	0
	113	97
	113.25	0
	113.5	0
	113.75	0
	114	0
	114.25	0
	114.5	0
	114.75	0
	115	0
	115.25	0
	115.5	0
	115.75	0
	116	0
	116.25	0
	116.5	0
	116.75	0
	117	0
	117.25	0
	117.5	0
	117.75	0
	118	0
	118.25	0
	118.5	0
	118.75	0
	119	0
	119.25	0
	119.5	0
	119.75	48
	120	0
	120.25	0
	120.5	0
	120.75	0
	121	0
	121.25	0
	121.5	0
	121.75	0
	122	0
	122.25	0
	122.5	0
	122.75	0
	123	0
	123.25	0
	123.5	0
	123.75	0
	124	0
	124.25	0
	124.5	0
	124.75	0
	125	0
	125.25	0
	125.5	0
	125.75	0
	126	0
	126.25	90
	126.5	0
	126.75	0
	127	0
	127.25	0
	127.5	0
	127.75	0
	128	0
	128.25	0
	128.5	0
	128.75	0
	129	0
	129.25	0
	129.5	20
	129.75	0
	130	0
	130.25	0
	130.5	0
	130.75	49
	131	0
	131.25	0
	131.5	0
	131.75	0
	132	0
	132.25	0
	132.5	0
	132.75	0
	133	24
	133.25	0
	133.5	0
	133.75	0
	134	60
	134.25	0
	134.5	0
	134.75	0
	135	0
	135.25	0
	135.5	0
	135.75	0
	136	0
	136.25	0
	136.5	27
	136.75	0
	137	0
	137.25	0
	137.5	0
	137.75	0
	138	0
	138.25	0
	138.5	0
	138.75	0
	139	0
	139.25	0
	139.5	60
	139.75	0
	140	0
	140.25	1
	140.5	0
	140.75	0
	141	0
	141.25	0
	141.5	0
	141.75	0
	142	0
	142.25	0
	142.5	0
	142.75	0
	143	0
	143.25	0
	143.5	14
	143.75	0
	144	0
	144.25	0
	144.5	0
	144.75	0
	145	132
	145.25	0
	145.5	2
	145.75	0
	146	0
	146.25	0
	146.5	0
	146.75	0
	147	0
	147.25	0
	147.5	0
	147.75	0
	148	0
	148.25	1
	148.5	74
	148.75	0
	149	0
	149.25	0
	149.5	0
	149.75	0
	150	0
	150.25	0
	150.5	0
	150.75	1
	151	0
	151.25	0
	151.5	0
	151.75	0
	152	105
	152.25	0
	152.5	0
	152.75	0
	153	0
	153.25	1
	153.5	0
	153.75	0
	154	0
	154.25	0
	154.5	0
	154.75	28
	155	0
	155.25	0
	155.5	0
	155.75	1
	156	0
	156.25	0
	156.5	0
	156.75	0
	157	0
	157.25	88
	157.5	0
	157.75	0
	158	0
	158.25	0
	158.5	0
	158.75	0
	159	0
	159.25	0
	159.5	0
	159.75	31
	160	0
	160.25	0
	160.5	0
	160.75	26
	161	0
	161.25	1
	161.5	0
	161.75	0
	162	0
	162.25	0
	162.5	0
	162.75	0
	163	0
	163.25	0
	163.5	105
	163.75	0
	164	0
	164.25	16
	164.5	0
	164.75	1
	165	0
	165.25	22
	165.5	0
	165.75	0
	166	87
	166.25	0
	166.5	23
	166.75	0
	167	0
	167.25	17
	167.5	0
	167.75	1
	168	0
	168.25	85
	168.5	0
	168.75	0
	169	0
	169.25	0
	169.5	40
	169.75	0
	170	0
	170.25	54
	170.5	0
	170.75	0
	171	0
	171.25	0
	171.5	1
	171.75	0
	172	0
	172.25	0
	172.5	0
	172.75	0
	173	0
	173.25	0
	173.5	0
	173.75	0
	174	0
	174.25	80
	174.5	0
	174.75	0
	175	0
	175.25	0
	175.5	1
	175.75	0
	176	0
	176.25	0
	176.5	0
	176.75	0
	177	0
	177.25	0
	177.5	0
	177.75	0
	178	0
	178.25	0
	178.5	43
	178.75	0
	179	0
	179.25	0
	179.5	0
	179.75	0
	180	0
	180.25	0
	180.5	0
	180.75	0
	181	0
	181.25	0
	181.5	0
	181.75	0
	182	0
	182.25	0
	182.5	0
	182.75	84
	183	2
	183.25	0
	183.5	0
	183.75	0
	184	0
	184.25	0
	184.5	0
	184.75	0
	185	0
	185.25	0
	185.5	0
	185.75	0
	186	0
	186.25	0
	186.5	0
	186.75	43
	187	0
	187.25	0
	187.5	0
	187.75	0
	188	0
	188.25	0
	188.5	0
	188.75	0
	189	0
	189.25	0
	189.5	1
	189.75	0
	190	0
	190.25	0
	190.5	0
	190.75	61
	191	0
	191.25	0
	191.5	0
	191.75	0
	192	0
	192.25	0
	192.5	0
	192.75	0
	193	0
	193.25	0
	193.5	0
	193.75	0
	194	0
	194.25	0
	194.5	0
	194.75	0
	195	0
	195.25	37
	195.5	0
	195.75	0
	196	0
	196.25	0
	196.5	1
	196.75	0
	197	0
	197.25	0
	197.5	0
	197.75	0
	198	0
	198.25	0
	198.5	0
	198.75	0
	199	0
	199.25	70
	199.5	0
	199.75	0
	200	0
	200.25	24
	200.5	0
	200.75	0
	201	0
	201.25	124
	201.5	0
	201.75	0
	202	0
	202.25	0
	202.5	0
	202.75	0
	203	0
	203.25	0
	203.5	0
	203.75	0
	204	0
	204.25	0
	204.5	0
	204.75	0
	205	0
	205.25	0
	205.5	0
	205.75	0
	206	0
	206.25	0
	206.5	0
	206.75	0
	207	0
	207.25	0
	207.5	0
	207.75	0
	208	0
	208.25	0
	208.5	0
	208.75	0
	209	0
	209.25	0
	209.5	47
	209.75	0
	210	0
	210.25	0
	210.5	0
	210.75	0
	211	0
	211.25	0
	211.5	0
	211.75	0
	212	0
	212.25	0
	212.5	0
	212.75	0
	213	0
	213.25	0
	213.5	0
	213.75	0
	214	27
	214.25	0
	214.5	0
	214.75	0
	215	0
	215.25	0
	215.5	0
	215.75	0
	216	0
	216.25	0
	216.5	0
	216.75	0
	217	0
	217.25	0
	217.5	29
	217.75	0
	218	0
	218.25	0
	218.5	0
	218.75	0
	219	0
	219.25	0
	219.5	0
	219.75	0
	220	0
	220.25	0
	220.5	0
	220.75	0
	221	0
	221.25	0
	221.5	0
	221.75	0
	222	0
	222.25	0
	222.5	0
	222.75	0
	223	0
	223.25	0
	223.5	0
	223.75	0
	224	0
	224.25	0
	224.5	0
	224.75	0
	225	0
	225.25	0
	225.5	0
	225.75	0
	226	0
	226.25	0
	226.5	0
	226.75	0
	227	0
	227.25	0
	227.5	0
	227.75	0
	228	29
	228.25	96
	228.5	0
	228.75	0
	229	0
	229.25	0
	229.5	0
	229.75	0
	230	0
	230.25	0
	230.5	0
	230.75	0
	231	0
	231.25	0
	231.5	0
	231.75	0
	232	0
	232.25	0
	232.5	0
	232.75	0
	233	0
	233.25	0
	233.5	37
	233.75	0
	234	0
	234.25	0
	234.5	0
	234.75	0
	235	0
	235.25	0
	235.5	0
	235.75	0
	236	0
	236.25	0
	236.5	0
	236.75	0
	237	66
	237.25	0
	237.5	0
	237.75	0
	238	0
	238.25	0
	238.5	0
	238.75	0
	239	46
	239.25	0
	239.5	0
	239.75	0
	240	0
	240.25	0
	240.5	0
	240.75	0
	241	0
	241.25	0
	241.5	71
	241.75	0
	242	0
	242.25	0
	242.5	0
	242.75	0
	243	0
	243.25	0
	243.5	0
	243.75	0
	244	25
	244.25	0
	244.5	0
	244.75	0
	245	33
	245.25	0
	245.5	0
	245.75	0
	246	0
	246.25	0
	246.5	0
	246.75	0
	247	80
	247.25	0
	247.5	0
	247.75	0
	248	0
	248.25	0
	248.5	37
	248.75	0
	249	0
	249.25	0
	249.5	2
	249.75	1
	250	43
	250.25	0
	250.5	0
	250.75	10
	251	0
	251.25	0
	251.5	0
	251.75	0
	252	0
	252.25	112
	252.5	0
	252.75	0
	253	0
	253.25	0
	253.5	0
	253.75	0
	254	0
	254.25	58
	254.5	0
	254.75	0
	255	0
	255.25	0
	255.5	0
	255.75	0
	256	0
	256.25	0
	256.5	0
	256.75	0
	257	0
	257.25	0
	257.5	0
	257.75	0
	258	0
	258.25	0
	258.5	0
	258.75	0
	259	0
	259.25	0
	259.5	0
	259.75	103
	260	0
	260.25	0
	260.5	0
	260.75	0
	261	0
	261.25	0
	261.5	0
	261.75	0
	262	0
	262.25	0
	262.5	0
	262.75	0
	263	0
	263.25	0
	263.5	0
	263.75	0
	264	0
	264.25	0
	264.5	0
	264.75	0
	265	0
	265.25	74
	265.5	0
	265.75	0
	266	0
	266.25	0
	266.5	0
	266.75	0
	267	0
	267.25	0
	267.5	0
	267.75	0
	268	0
	268.25	0
	268.5	0
	268.75	24
	269	0
	269.25	0
	269.5	0
	269.75	0
	270	0
	270.25	0
	270.5	0
	270.75	0
	271	0
	271.25	0
	271.5	0
	271.75	0
	272	0
	272.25	84
	272.5	0
	272.75	0
	273	0
	273.25	0
	273.5	0
	273.75	0
	274	0
	274.25	0
	274.5	0
	274.75	0
	275	0
	275.25	0
	275.5	57
	275.75	0
	276	0
	276.25	0
	276.5	0
	276.75	0
	277	0
	277.25	0
	277.5	0
	277.75	0
	278	0
	278.25	0
	278.5	0
	278.75	44
	279	0
	279.25	7
	279.5	0
	279.75	0
	280	0
	280.25	0
	280.5	0
	280.75	0
	281	0
	281.25	0
	281.5	0
	281.75	0
	282	48
	282.25	0
	282.5	0
	282.75	0
	283	0
	283.25	0
	283.5	0
	283.75	0
	284	0
	284.25	0
	284.5	0
	284.75	0
	285	0
	285.25	0
	285.5	0
	285.75	0
	286	0
	286.25	0
	286.5	0
	286.75	0
	287	0
	287.25	0
	287.5	0
	287.75	0
	288	0
	288.25	0
	288.5	0
	288.75	19
	289	0
	289.25	0
	289.5	0
	289.75	0
	290	28
	290.25	0
	290.5	0
	290.75	0
	291	0
	291.25	0
	291.5	0
	291.75	0
	292	0
	292.25	0
	292.5	0
	292.75	0
	293	0
	293.25	0
	293.5	0
	293.75	0
	294	0
	294.25	0
	294.5	0
	294.75	0
	295	0
	295.25	0
	295.5	52
	295.75	0
	296	0
	296.25	0
	296.5	0
	296.75	0
	297	0
	297.25	11
	297.5	0
	297.75	0
	298	0
	298.25	0
	298.5	0
	298.75	0
	299	84
	299.25	0
	299.5	0
	299.75	0
	300	0
	300.25	0
	300.5	0
	300.75	0
	301	0
	301.25	0
	301.5	0
	301.75	0
	302	0
	302.25	0
	302.5	0
	302.75	32
	303	0
	303.25	0
	303.5	0
	303.75	0
	304	0
	304.25	0
	304.5	0
	304.75	0
	305	49
	305.25	0
	305.5	0
	305.75	0
	306	0
	306.25	0
	306.5	0
	306.75	0
	307	69
	307.25	0
	307.5	40
	307.75	0
	308	0
	308.25	0
	308.5	0
	308.75	0
	309	0
	309.25	0
	309.5	0
	309.75	0
	310	0
	310.25	0
	310.5	0
	310.75	0
	311	88
	311.25	0
	311.5	0
	311.75	0
	312	0
	312.25	0
	312.5	0
	312.75	0
	313	0
	313.25	0
	313.5	0
	313.75	0
	314	0
	314.25	0
	314.5	0
	314.75	0
	315	0
	315.25	64
	315.5	0
	315.75	0
	316	0
	316.25	0
	316.5	0
	316.75	0
	317	0
	317.25	0
	317.5	0
	317.75	0
	318	0
	318.25	0
	318.5	0
	318.75	0
	319	0
	319.25	39
	319.5	0
	319.75	0
	320	0
	320.25	0
	320.5	0
	320.75	0
	321	0
	321.25	0
	321.5	0
	321.75	0
	322	0
	322.25	0
	322.5	0
	322.75	0
	323	0
	323.25	108
	323.5	0
	323.75	0
	324	0
	324.25	0
	324.5	0
	324.75	0
	325	0
	325.25	0
	325.5	0
	325.75	0
	326	0
	326.25	0
	326.5	0
	326.75	0
	327	85
	327.25	0
	327.5	0
	327.75	0
	328	0
	328.25	0
	328.5	0
	328.75	0
	329	0
	329.25	0
	329.5	0
	329.75	0
	330	0
	330.25	0
	330.5	0
	330.75	0
	331	110
	331.25	0
	331.5	0
	331.75	0
	332	0
	332.25	0
	332.5	0
	332.75	0
	333	0
	333.25	0
	333.5	0
	333.75	0
	334	0
	334.25	0
	334.5	0
	334.75	0
	335	0
	335.25	0
	335.5	0
	335.75	0
	336	0
	336.25	0
	336.5	0
	336.75	0
	337	0
	337.25	0
	337.5	0
	337.75	0
	338	0
	338.25	0
	338.5	0
	338.75	86
	339	0
	339.25	0
	339.5	0
	339.75	0
	340	0
	340.25	0
	340.5	0
	340.75	0
	341	0
	341.25	0
	341.5	0
	341.75	0
	342	0
	342.25	0
	342.5	0
	342.75	0
	343	0
	343.25	0
	343.5	0
	343.75	0
	344	0
	344.25	0
	344.5	0
	344.75	0
	345	0
	345.25	0
	345.5	0
	345.75	0
	346	0
	346.25	0
	346.5	0
	346.75	117
	347	0
	347.25	0
	347.5	0
	347.75	0
	348	0
	348.25	0
	348.5	0
	348.75	0
	349	0
	349.25	0
	349.5	0
	349.75	0
	350	0
	350.25	0
	350.5	0
	350.75	0
	351	0
	351.25	0
	351.5	0
	351.75	0
	352	0
	352.25	0
	352.5	0
	352.75	84
	353	0
	353.25	0
	353.5	0
	353.75	0
	354	0
	354.25	0
	354.5	0
	354.75	0
	355	0
	355.25	0
	355.5	0
	355.75	0
	356	0
	356.25	0
	356.5	0
	356.75	0
	357	0
	357.25	0
	357.5	0
	357.75	0
	358	0
	358.25	0
	358.5	0
	358.75	0
	359	173
	359.25	0
	359.5	0
	359.75	0
	360	0
	360.25	0
	360.5	0
	360.75	0
	361	0
	361.25	0
	361.5	0
	361.75	0
	362	0
	362.25	0
	362.5	0
	362.75	0
	363	0
	363.25	0
	363.5	53
	363.75	0
	364	0
	364.25	0
	364.5	0
	364.75	0
	365	0
	365.25	0
	365.5	0
	365.75	0
	366	0
	366.25	0
	366.5	0
	366.75	0
	367	0
	367.25	0
	367.5	0
	367.75	46
	368	0
	368.25	0
	368.5	0
	368.75	0
	369	0
	369.25	0
	369.5	0
	369.75	0
	370	0
	370.25	0
	370.5	0
	370.75	0
	371	0
	371.25	0
	371.5	0
	371.75	0
	372	0
	372.25	124
	372.5	0
	372.75	0
	373	0
	373.25	0
	373.5	0
	373.75	0
	374	0
	374.25	0
	374.5	0
	374.75	0
	375	0
	375.25	0
	375.5	0
	375.75	58
	376	0
	376.25	0
	376.5	0
	376.75	0
	377	0
	377.25	0
	377.5	0
	377.75	0
	378	0
	378.25	0
	378.5	0
	378.75	0
	379	0
	379.25	59
	379.5	0
	379.75	0
	380	0
	380.25	0
	380.5	0
	380.75	0
	381	0
	381.25	0
	381.5	0
	381.75	0
	382	0
	382.25	0
	382.5	0
	382.75	165
	383	0
	383.25	0
	383.5	0
	383.75	0
	384	79
	384.25	0
	384.5	0
	384.75	0
	385	0
	385.25	24
	385.5	0
	385.75	0
	386	0
	386.25	0
	386.5	0
	386.75	0
	387	0
	387.25	0
	387.5	0
	387.75	134
	388	0
	388.25	0
	388.5	0
	388.75	0
	389	0
	389.25	0
	389.5	0
	389.75	0
	390	0
	390.25	0
	390.5	57
	390.75	0
	391	0
	391.25	0
	391.5	0
	391.75	0
	392	0
	392.25	0
	392.5	0
	392.75	0
	393	0
	393.25	170
	393.5	0
	393.75	0
	394	0
	394.25	0
	394.5	0
	394.75	0
	395	0
	395.25	0
	395.5	0
	395.75	0
	396	0
	396.25	0
	396.5	0
	396.75	0
	397	0
	397.25	0
	397.5	0
	397.75	0
	398	0
	398.25	0
	398.5	0
	398.75	0
	399	0
	399.25	0
	399.5	0
	399.75	0
	400	0
	400.25	0
	400.5	110
	400.75	0
	401	0
	401.25	0
	401.5	0
	401.75	0
	402	0
	402.25	0
	402.5	0
	402.75	0
	403	0
	403.25	0
	403.5	0
	403.75	0
	404	0
	404.25	0
	404.5	0
	404.75	0
	405	0
	405.25	0
	405.5	0
	405.75	0
	406	0
	406.25	0
	406.5	0
	406.75	0
	407	0
	407.25	0
	407.5	142
	407.75	0
	408	0
	408.25	0
	408.5	0
	408.75	0
	409	0
	409.25	54
	409.5	0
	409.75	0
	410	0
	410.25	0
	410.5	0
	410.75	128
	411	0
	411.25	0
	411.5	0
	411.75	0
	412	0
	412.25	0
	412.5	0
	412.75	0
	413	0
	413.25	0
	413.5	0
	413.75	0
	414	0
	414.25	0
	414.5	0
	414.75	0
	415	49
	415.25	0
	415.5	0
	415.75	0
	416	0
	416.25	0
	416.5	0
	416.75	0
	417	0
	417.25	0
	417.5	0
	417.75	0
	418	0
	418.25	0
	418.5	0
	418.75	0
	419	0
	419.25	178
	419.5	0
	419.75	0
	420	0
	420.25	0
	420.5	0
	420.75	0
	421	0
	421.25	0
	421.5	0
	421.75	0
	422	0
	422.25	0
	422.5	0
	422.75	0
	423	135
	423.25	0
	423.5	0
	423.75	0
	424	0
	424.25	0
	424.5	0
	424.75	0
	425	0
	425.25	0
	425.5	89
	425.75	0
	426	0
	426.25	0
	426.5	0
	426.75	0
	427	0
	427.25	181
	427.5	0
	427.75	0
	428	0
	428.25	0
	428.5	0
	428.75	0
	429	0
	429.25	0
	429.5	0
	429.75	0
	430	0
	430.25	0
	430.5	103
	430.75	0
	431	0
	431.25	0
	431.5	0
	431.75	0
	432	0
	432.25	0
	432.5	0
	432.75	0
	433	0
	433.25	164
	433.5	0
	433.75	0
	434	0
	434.25	0
	434.5	0
	434.75	0
	435	0
	435.25	0
	435.5	0
	435.75	0
	436	0
	436.25	0
	436.5	0
	436.75	0
	437	0
	437.25	0
	437.5	0
	437.75	0
	438	0
	438.25	0
	438.5	82
	438.75	0
	439	0
	439.25	0
	439.5	0
	439.75	0
	440	0
	440.25	0
	440.5	0
	440.75	58
	441	0
	441.25	0
	441.5	0
	441.75	0
	442	0
	442.25	0
	442.5	0
	442.75	0
	443	0
	443.25	0
	443.5	0
	443.75	157
	444	0
	444.25	0
	444.5	0
	444.75	0
	445	0
	445.25	102
	445.5	0
	445.75	0
	446	0
	446.25	0
	446.5	0
	446.75	0
	447	0
	447.25	0
	447.5	0
	447.75	111
	448	0
	448.25	0
	448.5	0
	448.75	129
	449	0
	449.25	0
	449.5	0
	449.75	0
	450	0
	450.25	0
	450.5	0
	450.75	0
	451	0
	451.25	115
	451.5	0
	451.75	0
	452	0
	452.25	0
	452.5	0
	452.75	0
	453	0
	453.25	0
	453.5	0
	453.75	0
	454	0
	454.25	0
	454.5	0
	454.75	0
	455	0
	455.25	141
	455.5	0
	455.75	0
	456	0
	456.25	0
	456.5	0
	456.75	0
	457	63
	457.25	0
	457.5	0
	457.75	0
	458	0
	458.25	181
	458.5	0
	458.75	0
	459	0
	459.25	0
	459.5	66
	459.75	0
	460	0
	460.25	0
	460.5	79
	460.75	0
	461	0
	461.25	0
	461.5	0
	461.75	77
	462	0
	462.25	0
	462.5	0
	462.75	0
	463	0
	463.25	0
	463.5	0
	463.75	0
	464	0
	464.25	0
	464.5	0
	464.75	0
	465	0
	465.25	130
	465.5	0
	465.75	0
	466	0
	466.25	0
	466.5	0
	466.75	0
	467	0
	467.25	0
	467.5	0
	467.75	0
	468	0
	468.25	0
	468.5	0
	468.75	0
	469	0
	469.25	0
	469.5	0
	469.75	0
	470	75
	470.25	0
	470.5	0
	470.75	0
	471	0
	471.25	0
	471.5	105
	471.75	0
	472	0
	472.25	0
	472.5	0
	472.75	0
	473	0
	473.25	0
	473.5	0
	473.75	0
	474	0
	474.25	0
	474.5	0
	474.75	0
	475	0
	475.25	0
	475.5	0
	475.75	0
	476	0
	476.25	0
	476.5	0
	476.75	0
	477	0
	477.25	0
	477.5	0
	477.75	124
	478	0
	478.25	0
	478.5	0
	478.75	0
	479	0
	479.25	0
	479.5	0
	479.75	0
	480	0
	480.25	0
	480.5	0
	480.75	0
	481	0
	481.25	0
	481.5	66
	481.75	0
	482	0
	482.25	0
	482.5	0
	482.75	0
	483	0
	483.25	0
	483.5	0
	483.75	0
	484	0
	484.25	0
	484.5	0
	484.75	0
	485	0
	485.25	103
	485.5	0
	485.75	24
	486	0
	486.25	0
	486.5	0
	486.75	0
	487	0
	487.25	0
	487.5	25
	487.75	0
	488	0
	488.25	0
	488.5	0
	488.75	0
	489	0
	489.25	0
	489.5	56
	489.75	0
	490	0
	490.25	0
	490.5	0
	490.75	0
	491	0
	491.25	0
	491.5	0
	491.75	24
	492	0
	492.25	0
	492.5	0
	492.75	0
	493	0
	493.25	0
	493.5	0
	493.75	0
	494	40
	494.25	0
	494.5	0
	494.75	0
	495	0
	495.25	0
	495.5	0
	495.75	0
	496	0
	496.25	0
	496.5	0
	496.75	0
	497	0
	497.25	0
	497.5	0
	497.75	0
	498	0
	498.25	0
	498.5	0
	498.75	0
	499	46
	499.25	38
	499.5	0
	499.75	0
	500	0
	500.25	30
	500.5	0
	500.75	0
	501	0
	501.25	39
	501.5	0
	501.75	0
	502	0
	502.25	0
	502.5	34
	502.75	0
	503	0
	503.25	0
	503.5	27
	503.75	0
	504	0
	504.25	0
	504.5	19
	504.75	49
	505	0
	505.25	0
	505.5	0
	505.75	46
	506	0
	506.25	0
	506.5	0
	506.75	0
	507	30
	507.25	0
	507.5	0
	507.75	0
	508	15
	508.25	0
	508.5	0
	508.75	0
	509	0
	509.25	3
	509.5	0
	509.75	0
	510	0
	510.25	59
	510.5	0
	510.75	0
	511	0
	511.25	0
	511.5	18
	511.75	0
	512	0
	512.25	0
	512.5	0
	512.75	63
	513	0
	513.25	0
	513.5	0
	513.75	0
	514	0
	514.25	0
	514.5	43
	514.75	0
	515	0
	515.25	0
	515.5	0
	515.75	0
	516	86
	516.25	0
	516.5	0
	516.75	0
	517	0
	517.25	0
	517.5	0
	517.75	0
	518	0
	518.25	0
	518.5	75
	518.75	0
	519	0
	519.25	0
	519.5	0
	519.75	0
	520	0
	520.25	0
	520.5	0
	520.75	0
	521	64
	521.25	0
	521.5	0
	521.75	0
	522	0
	522.25	0
	522.5	0
	522.75	0
	523	0
	523.25	36
	523.5	0
	523.75	0
	524	0
	524.25	0
	524.5	0
	524.75	0
	525	0
	525.25	0
	525.5	25
	525.75	0
	526	0
	526.25	0
	526.5	0
	526.75	0
	527	0
	527.25	0
	527.5	0
	527.75	0
	528	0
	528.25	0
	528.5	0
	528.75	0
	529	0
	529.25	0
	529.5	0
	529.75	0
	530	2
	530.25	0
	530.5	0
	530.75	0
	531	0
	531.25	0
	531.5	0
	531.75	0
	532	0
	532.25	0
	532.5	0
	532.75	0
	533	0
	533.25	0
	533.5	0
	533.75	0
	534	0
	534.25	0
	534.5	0
	534.75	0
	535	0
	535.25	0
	535.5	0
	535.75	0
	536	0
	536.25	0
	536.5	0
	536.75	0
	537	0
	537.25	0
	537.5	0
	537.75	0
	538	0
	538.25	0
	538.5	0
	538.75	0
	539	0
	539.25	0
	539.5	0
	539.75	0
	540	0
	540.25	0
	540.5	0
	540.75	0
	541	41
	541.25	0
	541.5	0
	541.75	0
	542	0
	542.25	0
	542.5	0
	542.75	0
	543	0
	543.25	0
	543.5	0
	543.75	0
	544	0
	544.25	0
	544.5	0
	544.75	0
	545	0
	545.25	0
	545.5	0
	545.75	0
	546	0
	546.25	0
	546.5	0
	546.75	0
	547	0
	547.25	0
	547.5	0
	547.75	0
	548	0
	548.25	0
	548.5	0
	548.75	0
	549	0
	549.25	0
	549.5	0
	549.75	0
	550	0
	550.25	0
	550.5	0
	550.75	0
	551	0
	551.25	0
	551.5	0
	551.75	0
	552	0
	552.25	0
	552.5	0
	552.75	0
	553	0
	553.25	0
	553.5	9
	553.75	0
	554	0
	554.25	0
	554.5	0
	554.75	0
	555	0
	555.25	0
	555.5	0
	555.75	0
	556	0
	556.25	0
	556.5	0
	556.75	0
	557	0
	557.25	0
	557.5	0
	557.75	0
	558	0
	558.25	0
	558.5	0
	558.75	0
	559	0
	559.25	0
	559.5	0
	559.75	0
	560	0
	560.25	0
	560.5	0
	560.75	0
	561	0
	561.25	0
	561.5	0
	561.75	0
	562	0
	562.25	0
	562.5	0
	562.75	0
	563	0
	563.25	0
	563.5	0
	563.75	0
	564	0
	564.25	0
	564.5	0
	564.75	0
	565	0
	565.25	0
	565.5	0
	565.75	0
	566	20
	566.25	0


event Column 0.25 Million Year FAD Frequencies	point	150	255/245/230
	0	10
	0.25	0
	0.5	0
	0.75	0
	1	2
	1.25	0
	1.5	0
	1.75	3
	2	0
	2.25	0
	2.5	42
	2.75	0
	3	0
	3.25	0
	3.5	18
	3.75	0
	4	0
	4.25	0
	4.5	0
	4.75	0
	5	0
	5.25	67
	5.5	0
	5.75	0
	6	0
	6.25	0
	6.5	0
	6.75	0
	7	0
	7.25	12
	7.5	0
	7.75	0
	8	0
	8.25	0
	8.5	0
	8.75	0
	9	0
	9.25	0
	9.5	0
	9.75	0
	10	0
	10.25	0
	10.5	0
	10.75	0
	11	0
	11.25	0
	11.5	0
	11.75	53
	12	0
	12.25	0
	12.5	0
	12.75	0
	13	0
	13.25	0
	13.5	0
	13.75	0
	14	0
	14.25	0
	14.5	0
	14.75	0
	15	0
	15.25	0
	15.5	0
	15.75	0
	16	64
	16.25	0
	16.5	0
	16.75	0
	17	0
	17.25	0
	17.5	0
	17.75	0
	18	0
	18.25	0
	18.5	0
	18.75	0
	19	0
	19.25	0
	19.5	0
	19.75	0
	20	0
	20.25	0
	20.5	37
	20.75	0
	21	0
	21.25	0
	21.5	0
	21.75	0
	22	0
	22.25	0
	22.5	0
	22.75	0
	23	83
	23.25	0
	23.5	0
	23.75	0
	24	0
	24.25	0
	24.5	0
	24.75	0
	25	0
	25.25	0
	25.5	0
	25.75	0
	26	0
	26.25	0
	26.5	0
	26.75	0
	27	0
	27.25	0
	27.5	0
	27.75	0
	28	58
	28.25	0
	28.5	0
	28.75	0
	29	0
	29.25	0
	29.5	0
	29.75	0
	30	0
	30.25	0
	30.5	0
	30.75	0
	31	6
	31.25	0
	31.5	0
	31.75	0
	32	0
	32.25	0
	32.5	0
	32.75	0
	33	0
	33.25	0
	33.5	0
	33.75	0
	34	70
	34.25	0
	34.5	0
	34.75	0
	35	0
	35.25	0
	35.5	0
	35.75	0
	36	0
	36.25	0
	36.5	0
	36.75	0
	37	0
	37.25	0
	37.5	0
	37.75	68
	38	0
	38.25	0
	38.5	0
	38.75	0
	39	0
	39.25	0
	39.5	0
	39.75	0
	40	0
	40.25	0
	40.5	0
	40.75	0
	41	0
	41.25	33
	41.5	0
	41.75	0
	42	0
	42.25	0
	42.5	0
	42.75	0
	43	0
	43.25	0
	43.5	0
	43.75	0
	44	0
	44.25	0
	44.5	0
	44.75	0
	45	0
	45.25	0
	45.5	0
	45.75	0
	46	0
	46.25	0
	46.5	0
	46.75	0
	47	0
	47.25	0
	47.5	0
	47.75	79
	48	0
	48.25	0
	48.5	0
	48.75	0
	49	0
	49.25	0
	49.5	0
	49.75	0
	50	0
	50.25	0
	50.5	0
	50.75	0
	51	0
	51.25	0
	51.5	0
	51.75	0
	52	0
	52.25	0
	52.5	0
	52.75	0
	53	0
	53.25	0
	53.5	0
	53.75	0
	54	0
	54.25	0
	54.5	0
	54.75	0
	55	0
	55.25	0
	55.5	0
	55.75	1
	56	89
	56.25	0
	56.5	0
	56.75	0
	57	0
	57.25	0
	57.5	7
	57.75	0
	58	0
	58.25	0
	58.5	0
	58.75	0
	59	0
	59.25	64
	59.5	0
	59.75	0
	60	0
	60.25	0
	60.5	0
	60.75	0
	61	0
	61.25	0
	61.5	0
	61.75	0
	62	0
	62.25	0
	62.5	0
	62.75	5
	63	0
	63.25	0
	63.5	0
	63.75	0
	64	0
	64.25	0
	64.5	0
	64.75	0
	65	0
	65.25	0
	65.5	0
	65.75	0
	66	65
	66.25	0
	66.5	0
	66.75	0
	67	0
	67.25	0
	67.5	29
	67.75	0
	68	0
	68.25	0
	68.5	0
	68.75	0
	69	0
	69.25	0
	69.5	0
	69.75	0
	70	0
	70.25	0
	70.5	18
	70.75	0
	71	0
	71.25	0
	71.5	0
	71.75	0
	72	55
	72.25	0
	72.5	0
	72.75	0
	73	0
	73.25	0
	73.5	0
	73.75	0
	74	0
	74.25	0
	74.5	0
	74.75	0
	75	0
	75.25	0
	75.5	0
	75.75	0
	76	0
	76.25	0
	76.5	0
	76.75	0
	77	0
	77.25	0
	77.5	0
	77.75	0
	78	38
	78.25	0
	78.5	0
	78.75	0
	79	0
	79.25	0
	79.5	0
	79.75	0
	80	0
	80.25	0
	80.5	0
	80.75	0
	81	0
	81.25	0
	81.5	0
	81.75	0
	82	0
	82.25	0
	82.5	0
	82.75	0
	83	0
	83.25	0
	83.5	0
	83.75	72
	84	0
	84.25	0
	84.5	0
	84.75	0
	85	23
	85.25	0
	85.5	0
	85.75	0
	86	0
	86.25	47
	86.5	0
	86.75	0
	87	0
	87.25	0
	87.5	0
	87.75	0
	88	10
	88.25	0
	88.5	0
	88.75	0
	89	0
	89.25	0
	89.5	0
	89.75	40
	90	0
	90.25	0
	90.5	0
	90.75	0
	91	0
	91.25	0
	91.5	0
	91.75	19
	92	0
	92.25	0
	92.5	0
	92.75	0
	93	0
	93.25	0
	93.5	0
	93.75	0
	94	45
	94.25	0
	94.5	0
	94.75	0
	95	0
	95.25	0
	95.5	27
	95.75	0
	96	0
	96.25	16
	96.5	0
	96.75	0
	97	0
	97.25	0
	97.5	0
	97.75	0
	98	0
	98.25	0
	98.5	0
	98.75	0
	99	0
	99.25	0
	99.5	0
	99.75	0
	100	0
	100.25	0
	100.5	87
	100.75	0
	101	0
	101.25	0
	101.5	0
	101.75	0
	102	0
	102.25	0
	102.5	0
	102.75	0
	103	0
	103.25	0
	103.5	0
	103.75	0
	104	0
	104.25	0
	104.5	0
	104.75	0
	105	0
	105.25	0
	105.5	0
	105.75	0
	106	0
	106.25	0
	106.5	0
	106.75	0
	107	0
	107.25	0
	107.5	33
	107.75	0
	108	0
	108.25	0
	108.5	0
	108.75	0
	109	0
	109.25	0
	109.5	0
	109.75	0
	110	0
	110.25	17
	110.5	0
	110.75	0
	111	0
	111.25	0
	111.5	0
	111.75	0
	112	1
	112.25	0
	112.5	0
	112.75	0
	113	55
	113.25	0
	113.5	0
	113.75	0
	114	0
	114.25	0
	114.5	0
	114.75	0
	115	0
	115.25	0
	115.5	0
	115.75	0
	116	0
	116.25	0
	116.5	0
	116.75	0
	117	0
	117.25	0
	117.5	0
	117.75	0
	118	0
	118.25	0
	118.5	0
	118.75	0
	119	0
	119.25	0
	119.5	0
	119.75	29
	120	0
	120.25	0
	120.5	0
	120.75	0
	121	0
	121.25	0
	121.5	0
	121.75	0
	122	0
	122.25	0
	122.5	0
	122.75	0
	123	0
	123.25	0
	123.5	0
	123.75	0
	124	0
	124.25	0
	124.5	0
	124.75	0
	125	0
	125.25	0
	125.5	0
	125.75	0
	126	0
	126.25	44
	126.5	0
	126.75	0
	127	0
	127.25	0
	127.5	0
	127.75	0
	128	0
	128.25	0
	128.5	0
	128.75	0
	129	0
	129.25	0
	129.5	12
	129.75	0
	130	0
	130.25	0
	130.5	0
	130.75	28
	131	0
	131.25	0
	131.5	0
	131.75	0
	132	0
	132.25	0
	132.5	0
	132.75	0
	133	14
	133.25	0
	133.5	0
	133.75	0
	134	31
	134.25	0
	134.5	0
	134.75	0
	135	0
	135.25	0
	135.5	0
	135.75	0
	136	0
	136.25	0
	136.5	15
	136.75	0
	137	0
	137.25	0
	137.5	0
	137.75	0
	138	0
	138.25	0
	138.5	0
	138.75	0
	139	0
	139.25	0
	139.5	34
	139.75	0
	140	0
	140.25	1
	140.5	0
	140.75	0
	141	0
	141.25	0
	141.5	0
	141.75	0
	142	0
	142.25	0
	142.5	0
	142.75	0
	143	0
	143.25	0
	143.5	10
	143.75	0
	144	0
	144.25	0
	144.5	0
	144.75	0
	145	67
	145.25	0
	145.5	2
	145.75	0
	146	0
	146.25	0
	146.5	0
	146.75	0
	147	0
	147.25	0
	147.5	0
	147.75	0
	148	0
	148.25	1
	148.5	29
	148.75	0
	149	0
	149.25	0
	149.5	0
	149.75	0
	150	0
	150.25	0
	150.5	0
	150.75	1
	151	0
	151.25	0
	151.5	0
	151.75	0
	152	62
	152.25	0
	152.5	0
	152.75	0
	153	0
	153.25	1
	153.5	0
	153.75	0
	154	0
	154.25	0
	154.5	0
	154.75	14
	155	0
	155.25	0
	155.5	0
	155.75	1
	156	0
	156.25	0
	156.5	0
	156.75	0
	157	0
	157.25	43
	157.5	0
	157.75	0
	158	0
	158.25	0
	158.5	0
	158.75	0
	159	0
	159.25	0
	159.5	0
	159.75	22
	160	0
	160.25	0
	160.5	0
	160.75	10
	161	0
	161.25	1
	161.5	0
	161.75	0
	162	0
	162.25	0
	162.5	0
	162.75	0
	163	0
	163.25	0
	163.5	67
	163.75	0
	164	0
	164.25	11
	164.5	0
	164.75	1
	165	0
	165.25	11
	165.5	0
	165.75	0
	166	45
	166.25	0
	166.5	18
	166.75	0
	167	0
	167.25	9
	167.5	0
	167.75	1
	168	0
	168.25	47
	168.5	0
	168.75	0
	169	0
	169.25	0
	169.5	27
	169.75	0
	170	0
	170.25	42
	170.5	0
	170.75	0
	171	0
	171.25	0
	171.5	1
	171.75	0
	172	0
	172.25	0
	172.5	0
	172.75	0
	173	0
	173.25	0
	173.5	0
	173.75	0
	174	0
	174.25	39
	174.5	0
	174.75	0
	175	0
	175.25	0
	175.5	1
	175.75	0
	176	0
	176.25	0
	176.5	0
	176.75	0
	177	0
	177.25	0
	177.5	0
	177.75	0
	178	0
	178.25	0
	178.5	15
	178.75	0
	179	0
	179.25	0
	179.5	0
	179.75	0
	180	0
	180.25	0
	180.5	0
	180.75	0
	181	0
	181.25	0
	181.5	0
	181.75	0
	182	0
	182.25	0
	182.5	0
	182.75	41
	183	2
	183.25	0
	183.5	0
	183.75	0
	184	0
	184.25	0
	184.5	0
	184.75	0
	185	0
	185.25	0
	185.5	0
	185.75	0
	186	0
	186.25	0
	186.5	0
	186.75	31
	187	0
	187.25	0
	187.5	0
	187.75	0
	188	0
	188.25	0
	188.5	0
	188.75	0
	189	0
	189.25	0
	189.5	1
	189.75	0
	190	0
	190.25	0
	190.5	0
	190.75	37
	191	0
	191.25	0
	191.5	0
	191.75	0
	192	0
	192.25	0
	192.5	0
	192.75	0
	193	0
	193.25	0
	193.5	0
	193.75	0
	194	0
	194.25	0
	194.5	0
	194.75	0
	195	0
	195.25	20
	195.5	0
	195.75	0
	196	0
	196.25	0
	196.5	1
	196.75	0
	197	0
	197.25	0
	197.5	0
	197.75	0
	198	0
	198.25	0
	198.5	0
	198.75	0
	199	0
	199.25	48
	199.5	0
	199.75	0
	200	0
	200.25	19
	200.5	0
	200.75	0
	201	0
	201.25	57
	201.5	0
	201.75	0
	202	0
	202.25	0
	202.5	0
	202.75	0
	203	0
	203.25	0
	203.5	0
	203.75	0
	204	0
	204.25	0
	204.5	0
	204.75	0
	205	0
	205.25	0
	205.5	0
	205.75	0
	206	0
	206.25	0
	206.5	0
	206.75	0
	207	0
	207.25	0
	207.5	0
	207.75	0
	208	0
	208.25	0
	208.5	0
	208.75	0
	209	0
	209.25	0
	209.5	38
	209.75	0
	210	0
	210.25	0
	210.5	0
	210.75	0
	211	0
	211.25	0
	211.5	0
	211.75	0
	212	0
	212.25	0
	212.5	0
	212.75	0
	213	0
	213.25	0
	213.5	0
	213.75	0
	214	18
	214.25	0
	214.5	0
	214.75	0
	215	0
	215.25	0
	215.5	0
	215.75	0
	216	0
	216.25	0
	216.5	0
	216.75	0
	217	0
	217.25	0
	217.5	11
	217.75	0
	218	0
	218.25	0
	218.5	0
	218.75	0
	219	0
	219.25	0
	219.5	0
	219.75	0
	220	0
	220.25	0
	220.5	0
	220.75	0
	221	0
	221.25	0
	221.5	0
	221.75	0
	222	0
	222.25	0
	222.5	0
	222.75	0
	223	0
	223.25	0
	223.5	0
	223.75	0
	224	0
	224.25	0
	224.5	0
	224.75	0
	225	0
	225.25	0
	225.5	0
	225.75	0
	226	0
	226.25	0
	226.5	0
	226.75	0
	227	0
	227.25	0
	227.5	0
	227.75	0
	228	29
	228.25	44
	228.5	0
	228.75	0
	229	0
	229.25	0
	229.5	0
	229.75	0
	230	0
	230.25	0
	230.5	0
	230.75	0
	231	0
	231.25	0
	231.5	0
	231.75	0
	232	0
	232.25	0
	232.5	0
	232.75	0
	233	0
	233.25	0
	233.5	19
	233.75	0
	234	0
	234.25	0
	234.5	0
	234.75	0
	235	0
	235.25	0
	235.5	0
	235.75	0
	236	0
	236.25	0
	236.5	0
	236.75	0
	237	24
	237.25	0
	237.5	0
	237.75	0
	238	0
	238.25	0
	238.5	0
	238.75	0
	239	28
	239.25	0
	239.5	0
	239.75	0
	240	0
	240.25	0
	240.5	0
	240.75	0
	241	0
	241.25	0
	241.5	43
	241.75	0
	242	0
	242.25	0
	242.5	0
	242.75	0
	243	0
	243.25	0
	243.5	0
	243.75	0
	244	16
	244.25	0
	244.5	0
	244.75	0
	245	23
	245.25	0
	245.5	0
	245.75	0
	246	0
	246.25	0
	246.5	0
	246.75	0
	247	54
	247.25	0
	247.5	0
	247.75	0
	248	0
	248.25	0
	248.5	22
	248.75	0
	249	0
	249.25	0
	249.5	0
	249.75	1
	250	27
	250.25	0
	250.5	0
	250.75	10
	251	0
	251.25	0
	251.5	0
	251.75	0
	252	0
	252.25	42
	252.5	0
	252.75	0
	253	0
	253.25	0
	253.5	0
	253.75	0
	254	0
	254.25	17
	254.5	0
	254.75	0
	255	0
	255.25	0
	255.5	0
	255.75	0
	256	0
	256.25	0
	256.5	0
	256.75	0
	257	0
	257.25	0
	257.5	0
	257.75	0
	258	0
	258.25	0
	258.5	0
	258.75	0
	259	0
	259.25	0
	259.5	0
	259.75	42
	260	0
	260.25	0
	260.5	0
	260.75	0
	261	0
	261.25	0
	261.5	0
	261.75	0
	262	0
	262.25	0
	262.5	0
	262.75	0
	263	0
	263.25	0
	263.5	0
	263.75	0
	264	0
	264.25	0
	264.5	0
	264.75	0
	265	0
	265.25	37
	265.5	0
	265.75	0
	266	0
	266.25	0
	266.5	0
	266.75	0
	267	0
	267.25	0
	267.5	0
	267.75	0
	268	0
	268.25	0
	268.5	0
	268.75	24
	269	0
	269.25	0
	269.5	0
	269.75	0
	270	0
	270.25	0
	270.5	0
	270.75	0
	271	0
	271.25	0
	271.5	0
	271.75	0
	272	0
	272.25	16
	272.5	0
	272.75	0
	273	0
	273.25	0
	273.5	0
	273.75	0
	274	0
	274.25	0
	274.5	0
	274.75	0
	275	0
	275.25	0
	275.5	33
	275.75	0
	276	0
	276.25	0
	276.5	0
	276.75	0
	277	0
	277.25	0
	277.5	0
	277.75	0
	278	0
	278.25	0
	278.5	0
	278.75	25
	279	0
	279.25	7
	279.5	0
	279.75	0
	280	0
	280.25	0
	280.5	0
	280.75	0
	281	0
	281.25	0
	281.5	0
	281.75	0
	282	37
	282.25	0
	282.5	0
	282.75	0
	283	0
	283.25	0
	283.5	0
	283.75	0
	284	0
	284.25	0
	284.5	0
	284.75	0
	285	0
	285.25	0
	285.5	0
	285.75	0
	286	0
	286.25	0
	286.5	0
	286.75	0
	287	0
	287.25	0
	287.5	0
	287.75	0
	288	0
	288.25	0
	288.5	0
	288.75	14
	289	0
	289.25	0
	289.5	0
	289.75	0
	290	0
	290.25	0
	290.5	0
	290.75	0
	291	0
	291.25	0
	291.5	0
	291.75	0
	292	0
	292.25	0
	292.5	0
	292.75	0
	293	0
	293.25	0
	293.5	0
	293.75	0
	294	0
	294.25	0
	294.5	0
	294.75	0
	295	0
	295.25	0
	295.5	30
	295.75	0
	296	0
	296.25	0
	296.5	0
	296.75	0
	297	0
	297.25	7
	297.5	0
	297.75	0
	298	0
	298.25	0
	298.5	0
	298.75	0
	299	58
	299.25	0
	299.5	0
	299.75	0
	300	0
	300.25	0
	300.5	0
	300.75	0
	301	0
	301.25	0
	301.5	0
	301.75	0
	302	0
	302.25	0
	302.5	0
	302.75	0
	303	0
	303.25	0
	303.5	0
	303.75	0
	304	0
	304.25	0
	304.5	0
	304.75	0
	305	15
	305.25	0
	305.5	0
	305.75	0
	306	0
	306.25	0
	306.5	0
	306.75	0
	307	0
	307.25	0
	307.5	40
	307.75	0
	308	0
	308.25	0
	308.5	0
	308.75	0
	309	0
	309.25	0
	309.5	0
	309.75	0
	310	0
	310.25	0
	310.5	0
	310.75	0
	311	64
	311.25	0
	311.5	0
	311.75	0
	312	0
	312.25	0
	312.5	0
	312.75	0
	313	0
	313.25	0
	313.5	0
	313.75	0
	314	0
	314.25	0
	314.5	0
	314.75	0
	315	0
	315.25	31
	315.5	0
	315.75	0
	316	0
	316.25	0
	316.5	0
	316.75	0
	317	0
	317.25	0
	317.5	0
	317.75	0
	318	0
	318.25	0
	318.5	0
	318.75	0
	319	0
	319.25	22
	319.5	0
	319.75	0
	320	0
	320.25	0
	320.5	0
	320.75	0
	321	0
	321.25	0
	321.5	0
	321.75	0
	322	0
	322.25	0
	322.5	0
	322.75	0
	323	0
	323.25	53
	323.5	0
	323.75	0
	324	0
	324.25	0
	324.5	0
	324.75	0
	325	0
	325.25	0
	325.5	0
	325.75	0
	326	0
	326.25	0
	326.5	0
	326.75	0
	327	11
	327.25	0
	327.5	0
	327.75	0
	328	0
	328.25	0
	328.5	0
	328.75	0
	329	0
	329.25	0
	329.5	0
	329.75	0
	330	0
	330.25	0
	330.5	0
	330.75	0
	331	62
	331.25	0
	331.5	0
	331.75	0
	332	0
	332.25	0
	332.5	0
	332.75	0
	333	0
	333.25	0
	333.5	0
	333.75	0
	334	0
	334.25	0
	334.5	0
	334.75	0
	335	0
	335.25	0
	335.5	0
	335.75	0
	336	0
	336.25	0
	336.5	0
	336.75	0
	337	0
	337.25	0
	337.5	0
	337.75	0
	338	0
	338.25	0
	338.5	0
	338.75	47
	339	0
	339.25	0
	339.5	0
	339.75	0
	340	0
	340.25	0
	340.5	0
	340.75	0
	341	0
	341.25	0
	341.5	0
	341.75	0
	342	0
	342.25	0
	342.5	0
	342.75	0
	343	0
	343.25	0
	343.5	0
	343.75	0
	344	0
	344.25	0
	344.5	0
	344.75	0
	345	0
	345.25	0
	345.5	0
	345.75	0
	346	0
	346.25	0
	346.5	0
	346.75	63
	347	0
	347.25	0
	347.5	0
	347.75	0
	348	0
	348.25	0
	348.5	0
	348.75	0
	349	0
	349.25	0
	349.5	0
	349.75	0
	350	0
	350.25	0
	350.5	0
	350.75	0
	351	0
	351.25	0
	351.5	0
	351.75	0
	352	0
	352.25	0
	352.5	0
	352.75	44
	353	0
	353.25	0
	353.5	0
	353.75	0
	354	0
	354.25	0
	354.5	0
	354.75	0
	355	0
	355.25	0
	355.5	0
	355.75	0
	356	0
	356.25	0
	356.5	0
	356.75	0
	357	0
	357.25	0
	357.5	0
	357.75	0
	358	0
	358.25	0
	358.5	0
	358.75	0
	359	87
	359.25	0
	359.5	0
	359.75	0
	360	0
	360.25	0
	360.5	0
	360.75	0
	361	0
	361.25	0
	361.5	0
	361.75	0
	362	0
	362.25	0
	362.5	0
	362.75	0
	363	0
	363.25	0
	363.5	34
	363.75	0
	364	0
	364.25	0
	364.5	0
	364.75	0
	365	0
	365.25	0
	365.5	0
	365.75	0
	366	0
	366.25	0
	366.5	0
	366.75	0
	367	0
	367.25	0
	367.5	0
	367.75	21
	368	0
	368.25	0
	368.5	0
	368.75	0
	369	0
	369.25	0
	369.5	0
	369.75	0
	370	0
	370.25	0
	370.5	0
	370.75	0
	371	0
	371.25	0
	371.5	0
	371.75	0
	372	0
	372.25	43
	372.5	0
	372.75	0
	373	0
	373.25	0
	373.5	0
	373.75	0
	374	0
	374.25	0
	374.5	0
	374.75	0
	375	0
	375.25	0
	375.5	0
	375.75	29
	376	0
	376.25	0
	376.5	0
	376.75	0
	377	0
	377.25	0
	377.5	0
	377.75	0
	378	0
	378.25	0
	378.5	0
	378.75	0
	379	0
	379.25	21
	379.5	0
	379.75	0
	380	0
	380.25	0
	380.5	0
	380.75	0
	381	0
	381.25	0
	381.5	0
	381.75	0
	382	0
	382.25	0
	382.5	0
	382.75	78
	383	0
	383.25	0
	383.5	0
	383.75	0
	384	35
	384.25	0
	384.5	0
	384.75	0
	385	0
	385.25	24
	385.5	0
	385.75	0
	386	0
	386.25	0
	386.5	0
	386.75	0
	387	0
	387.25	0
	387.5	0
	387.75	53
	388	0
	388.25	0
	388.5	0
	388.75	0
	389	0
	389.25	0
	389.5	0
	389.75	0
	390	0
	390.25	0
	390.5	33
	390.75	0
	391	0
	391.25	0
	391.5	0
	391.75	0
	392	0
	392.25	0
	392.5	0
	392.75	0
	393	0
	393.25	90
	393.5	0
	393.75	0
	394	0
	394.25	0
	394.5	0
	394.75	0
	395	0
	395.25	0
	395.5	0
	395.75	0
	396	0
	396.25	0
	396.5	0
	396.75	0
	397	0
	397.25	0
	397.5	0
	397.75	0
	398	0
	398.25	0
	398.5	0
	398.75	0
	399	0
	399.25	0
	399.5	0
	399.75	0
	400	0
	400.25	0
	400.5	43
	400.75	0
	401	0
	401.25	0
	401.5	0
	401.75	0
	402	0
	402.25	0
	402.5	0
	402.75	0
	403	0
	403.25	0
	403.5	0
	403.75	0
	404	0
	404.25	0
	404.5	0
	404.75	0
	405	0
	405.25	0
	405.5	0
	405.75	0
	406	0
	406.25	0
	406.5	0
	406.75	0
	407	0
	407.25	0
	407.5	93
	407.75	0
	408	0
	408.25	0
	408.5	0
	408.75	0
	409	0
	409.25	30
	409.5	0
	409.75	0
	410	0
	410.25	0
	410.5	0
	410.75	60
	411	0
	411.25	0
	411.5	0
	411.75	0
	412	0
	412.25	0
	412.5	0
	412.75	0
	413	0
	413.25	0
	413.5	0
	413.75	0
	414	0
	414.25	0
	414.5	0
	414.75	0
	415	23
	415.25	0
	415.5	0
	415.75	0
	416	0
	416.25	0
	416.5	0
	416.75	0
	417	0
	417.25	0
	417.5	0
	417.75	0
	418	0
	418.25	0
	418.5	0
	418.75	0
	419	0
	419.25	96
	419.5	0
	419.75	0
	420	0
	420.25	0
	420.5	0
	420.75	0
	421	0
	421.25	0
	421.5	0
	421.75	0
	422	0
	422.25	0
	422.5	0
	422.75	0
	423	51
	423.25	0
	423.5	0
	423.75	0
	424	0
	424.25	0
	424.5	0
	424.75	0
	425	0
	425.25	0
	425.5	35
	425.75	0
	426	0
	426.25	0
	426.5	0
	426.75	0
	427	0
	427.25	94
	427.5	0
	427.75	0
	428	0
	428.25	0
	428.5	0
	428.75	0
	429	0
	429.25	0
	429.5	0
	429.75	0
	430	0
	430.25	0
	430.5	53
	430.75	0
	431	0
	431.25	0
	431.5	0
	431.75	0
	432	0
	432.25	0
	432.5	0
	432.75	0
	433	0
	433.25	94
	433.5	0
	433.75	0
	434	0
	434.25	0
	434.5	0
	434.75	0
	435	0
	435.25	0
	435.5	0
	435.75	0
	436	0
	436.25	0
	436.5	0
	436.75	0
	437	0
	437.25	0
	437.5	0
	437.75	0
	438	0
	438.25	0
	438.5	59
	438.75	0
	439	0
	439.25	0
	439.5	0
	439.75	0
	440	0
	440.25	0
	440.5	0
	440.75	36
	441	0
	441.25	0
	441.5	0
	441.75	0
	442	0
	442.25	0
	442.5	0
	442.75	0
	443	0
	443.25	0
	443.5	0
	443.75	69
	444	0
	444.25	0
	444.5	0
	444.75	0
	445	0
	445.25	21
	445.5	0
	445.75	0
	446	0
	446.25	0
	446.5	0
	446.75	0
	447	0
	447.25	0
	447.5	0
	447.75	68
	448	0
	448.25	0
	448.5	0
	448.75	67
	449	0
	449.25	0
	449.5	0
	449.75	0
	450	0
	450.25	0
	450.5	0
	450.75	0
	451	0
	451.25	50
	451.5	0
	451.75	0
	452	0
	452.25	0
	452.5	0
	452.75	0
	453	0
	453.25	0
	453.5	0
	453.75	0
	454	0
	454.25	0
	454.5	0
	454.75	0
	455	0
	455.25	74
	455.5	0
	455.75	0
	456	0
	456.25	0
	456.5	0
	456.75	0
	457	63
	457.25	0
	457.5	0
	457.75	0
	458	0
	458.25	37
	458.5	0
	458.75	0
	459	0
	459.25	0
	459.5	42
	459.75	0
	460	0
	460.25	0
	460.5	79
	460.75	0
	461	0
	461.25	0
	461.5	0
	461.75	38
	462	0
	462.25	0
	462.5	0
	462.75	0
	463	0
	463.25	0
	463.5	0
	463.75	0
	464	0
	464.25	0
	464.5	0
	464.75	0
	465	0
	465.25	72
	465.5	0
	465.75	0
	466	0
	466.25	0
	466.5	0
	466.75	0
	467	0
	467.25	0
	467.5	0
	467.75	0
	468	0
	468.25	0
	468.5	0
	468.75	0
	469	0
	469.25	0
	469.5	0
	469.75	0
	470	50
	470.25	0
	470.5	0
	470.75	0
	471	0
	471.25	0
	471.5	67
	471.75	0
	472	0
	472.25	0
	472.5	0
	472.75	0
	473	0
	473.25	0
	473.5	0
	473.75	0
	474	0
	474.25	0
	474.5	0
	474.75	0
	475	0
	475.25	0
	475.5	0
	475.75	0
	476	0
	476.25	0
	476.5	0
	476.75	0
	477	0
	477.25	0
	477.5	0
	477.75	76
	478	0
	478.25	0
	478.5	0
	478.75	0
	479	0
	479.25	0
	479.5	0
	479.75	0
	480	0
	480.25	0
	480.5	0
	480.75	0
	481	0
	481.25	0
	481.5	42
	481.75	0
	482	0
	482.25	0
	482.5	0
	482.75	0
	483	0
	483.25	0
	483.5	0
	483.75	0
	484	0
	484.25	0
	484.5	0
	484.75	0
	485	0
	485.25	78
	485.5	0
	485.75	0
	486	0
	486.25	0
	486.5	0
	486.75	0
	487	0
	487.25	0
	487.5	18
	487.75	0
	488	0
	488.25	0
	488.5	0
	488.75	0
	489	0
	489.25	0
	489.5	30
	489.75	0
	490	0
	490.25	0
	490.5	0
	490.75	0
	491	0
	491.25	0
	491.5	0
	491.75	13
	492	0
	492.25	0
	492.5	0
	492.75	0
	493	0
	493.25	0
	493.5	0
	493.75	0
	494	21
	494.25	0
	494.5	0
	494.75	0
	495	0
	495.25	0
	495.5	0
	495.75	0
	496	0
	496.25	0
	496.5	0
	496.75	0
	497	0
	497.25	0
	497.5	0
	497.75	0
	498	0
	498.25	0
	498.5	0
	498.75	0
	499	18
	499.25	16
	499.5	0
	499.75	0
	500	0
	500.25	22
	500.5	0
	500.75	0
	501	0
	501.25	15
	501.5	0
	501.75	0
	502	0
	502.25	0
	502.5	14
	502.75	0
	503	0
	503.25	0
	503.5	11
	503.75	0
	504	0
	504.25	0
	504.5	19
	504.75	15
	505	0
	505.25	0
	505.5	0
	505.75	34
	506	0
	506.25	0
	506.5	0
	506.75	0
	507	15
	507.25	0
	507.5	0
	507.75	0
	508	11
	508.25	0
	508.5	0
	508.75	0
	509	0
	509.25	1
	509.5	0
	509.75	0
	510	0
	510.25	24
	510.5	0
	510.75	0
	511	0
	511.25	0
	511.5	9
	511.75	0
	512	0
	512.25	0
	512.5	0
	512.75	23
	513	0
	513.25	0
	513.5	0
	513.75	0
	514	0
	514.25	0
	514.5	18
	514.75	0
	515	0
	515.25	0
	515.5	0
	515.75	0
	516	40
	516.25	0
	516.5	0
	516.75	0
	517	0
	517.25	0
	517.5	0
	517.75	0
	518	0
	518.25	0
	518.5	52
	518.75	0
	519	0
	519.25	0
	519.5	0
	519.75	0
	520	0
	520.25	0
	520.5	0
	520.75	0
	521	39
	521.25	0
	521.5	0
	521.75	0
	522	0
	522.25	0
	522.5	0
	522.75	0
	523	0
	523.25	24
	523.5	0
	523.75	0
	524	0
	524.25	0
	524.5	0
	524.75	0
	525	0
	525.25	0
	525.5	25
	525.75	0
	526	0
	526.25	0
	526.5	0
	526.75	0
	527	0
	527.25	0
	527.5	0
	527.75	0
	528	0
	528.25	0
	528.5	0
	528.75	0
	529	0
	529.25	0
	529.5	0
	529.75	0
	530	0
	530.25	0
	530.5	0
	530.75	0
	531	0
	531.25	0
	531.5	0
	531.75	0
	532	0
	532.25	0
	532.5	0
	532.75	0
	533	0
	533.25	0
	533.5	0
	533.75	0
	534	0
	534.25	0
	534.5	0
	534.75	0
	535	0
	535.25	0
	535.5	0
	535.75	0
	536	0
	536.25	0
	536.5	0
	536.75	0
	537	0
	537.25	0
	537.5	0
	537.75	0
	538	0
	538.25	0
	538.5	0
	538.75	0
	539	0
	539.25	0
	539.5	0
	539.75	0
	540	0
	540.25	0
	540.5	0
	540.75	0
	541	24
	541.25	0
	541.5	0
	541.75	0
	542	0
	542.25	0
	542.5	0
	542.75	0
	543	0
	543.25	0
	543.5	0
	543.75	0
	544	0
	544.25	0
	544.5	0
	544.75	0
	545	0
	545.25	0
	545.5	0
	545.75	0
	546	0
	546.25	0
	546.5	0
	546.75	0
	547	0
	547.25	0
	547.5	0
	547.75	0
	548	0
	548.25	0
	548.5	0
	548.75	0
	549	0
	549.25	0
	549.5	0
	549.75	0
	550	0
	550.25	0
	550.5	0
	550.75	0
	551	0
	551.25	0
	551.5	0
	551.75	0
	552	0
	552.25	0
	552.5	0
	552.75	0
	553	0
	553.25	0
	553.5	9
	553.75	0
	554	0
	554.25	0
	554.5	0
	554.75	0
	555	0
	555.25	0
	555.5	0
	555.75	0
	556	0
	556.25	0
	556.5	0
	556.75	0
	557	0
	557.25	0
	557.5	0
	557.75	0
	558	0
	558.25	0
	558.5	0
	558.75	0
	559	0
	559.25	0
	559.5	0
	559.75	0
	560	0
	560.25	0
	560.5	0
	560.75	0
	561	0
	561.25	0
	561.5	0
	561.75	0
	562	0
	562.25	0
	562.5	0
	562.75	0
	563	0
	563.25	0
	563.5	0
	563.75	0
	564	0
	564.25	0
	564.5	0
	564.75	0
	565	0
	565.25	0
	565.5	0
	565.75	0
	566	20
	566.25	0


event Column 0.25 Million Year LAD Frequencies	point	150	255/245/230
	0	198
	0.25	0
	0.5	0
	0.75	0
	1	3
	1.25	0
	1.5	0
	1.75	4
	2	0
	2.25	0
	2.5	51
	2.75	0
	3	0
	3.25	0
	3.5	17
	3.75	0
	4	0
	4.25	0
	4.5	0
	4.75	0
	5	0
	5.25	69
	5.5	0
	5.75	0
	6	0
	6.25	0
	6.5	0
	6.75	0
	7	0
	7.25	18
	7.5	0
	7.75	0
	8	0
	8.25	0
	8.5	0
	8.75	0
	9	0
	9.25	0
	9.5	0
	9.75	0
	10	0
	10.25	0
	10.5	0
	10.75	0
	11	0
	11.25	0
	11.5	0
	11.75	48
	12	0
	12.25	0
	12.5	0
	12.75	0
	13	0
	13.25	0
	13.5	0
	13.75	0
	14	0
	14.25	0
	14.5	0
	14.75	0
	15	0
	15.25	0
	15.5	0
	15.75	0
	16	38
	16.25	0
	16.5	0
	16.75	0
	17	0
	17.25	0
	17.5	0
	17.75	0
	18	0
	18.25	0
	18.5	0
	18.75	0
	19	0
	19.25	0
	19.5	0
	19.75	0
	20	0
	20.25	0
	20.5	16
	20.75	0
	21	0
	21.25	0
	21.5	0
	21.75	0
	22	0
	22.25	0
	22.5	0
	22.75	0
	23	49
	23.25	0
	23.5	0
	23.75	0
	24	0
	24.25	0
	24.5	0
	24.75	0
	25	0
	25.25	0
	25.5	0
	25.75	0
	26	0
	26.25	0
	26.5	0
	26.75	0
	27	0
	27.25	0
	27.5	0
	27.75	0
	28	55
	28.25	0
	28.5	0
	28.75	0
	29	0
	29.25	0
	29.5	0
	29.75	0
	30	0
	30.25	0
	30.5	0
	30.75	0
	31	0
	31.25	0
	31.5	0
	31.75	0
	32	0
	32.25	0
	32.5	0
	32.75	0
	33	0
	33.25	0
	33.5	0
	33.75	0
	34	74
	34.25	0
	34.5	0
	34.75	0
	35	0
	35.25	0
	35.5	0
	35.75	0
	36	0
	36.25	0
	36.5	0
	36.75	0
	37	0
	37.25	0
	37.5	0
	37.75	47
	38	0
	38.25	0
	38.5	0
	38.75	0
	39	0
	39.25	0
	39.5	0
	39.75	0
	40	0
	40.25	0
	40.5	0
	40.75	0
	41	0
	41.25	48
	41.5	0
	41.75	0
	42	0
	42.25	0
	42.5	0
	42.75	0
	43	0
	43.25	0
	43.5	0
	43.75	0
	44	0
	44.25	0
	44.5	0
	44.75	0
	45	0
	45.25	0
	45.5	0
	45.75	0
	46	0
	46.25	0
	46.5	0
	46.75	0
	47	0
	47.25	0
	47.5	0
	47.75	64
	48	0
	48.25	0
	48.5	0
	48.75	0
	49	0
	49.25	0
	49.5	0
	49.75	0
	50	0
	50.25	0
	50.5	0
	50.75	0
	51	0
	51.25	0
	51.5	0
	51.75	0
	52	0
	52.25	0
	52.5	0
	52.75	0
	53	0
	53.25	0
	53.5	0
	53.75	0
	54	0
	54.25	0
	54.5	0
	54.75	0
	55	0
	55.25	0
	55.5	0
	55.75	0
	56	46
	56.25	0
	56.5	0
	56.75	0
	57	0
	57.25	0
	57.5	16
	57.75	0
	58	0
	58.25	0
	58.5	0
	58.75	0
	59	0
	59.25	1
	59.5	0
	59.75	0
	60	0
	60.25	0
	60.5	0
	60.75	0
	61	0
	61.25	0
	61.5	40
	61.75	0
	62	0
	62.25	0
	62.5	0
	62.75	8
	63	0
	63.25	0
	63.5	0
	63.75	0
	64	0
	64.25	0
	64.5	0
	64.75	0
	65	0
	65.25	0
	65.5	0
	65.75	0
	66	125
	66.25	0
	66.5	0
	66.75	0
	67	0
	67.25	0
	67.5	41
	67.75	0
	68	0
	68.25	0
	68.5	0
	68.75	0
	69	0
	69.25	0
	69.5	0
	69.75	0
	70	0
	70.25	0
	70.5	0
	70.75	0
	71	0
	71.25	0
	71.5	0
	71.75	0
	72	61
	72.25	0
	72.5	0
	72.75	0
	73	0
	73.25	0
	73.5	0
	73.75	0
	74	0
	74.25	0
	74.5	0
	74.75	0
	75	0
	75.25	0
	75.5	0
	75.75	0
	76	0
	76.25	0
	76.5	0
	76.75	0
	77	0
	77.25	0
	77.5	0
	77.75	0
	78	31
	78.25	0
	78.5	0
	78.75	0
	79	0
	79.25	0
	79.5	0
	79.75	0
	80	0
	80.25	0
	80.5	0
	80.75	0
	81	0
	81.25	0
	81.5	0
	81.75	0
	82	0
	82.25	0
	82.5	0
	82.75	0
	83	0
	83.25	0
	83.5	0
	83.75	32
	84	0
	84.25	0
	84.5	0
	84.75	0
	85	16
	85.25	0
	85.5	0
	85.75	0
	86	0
	86.25	22
	86.5	0
	86.75	0
	87	0
	87.25	0
	87.5	0
	87.75	0
	88	4
	88.25	0
	88.5	0
	88.75	0
	89	0
	89.25	0
	89.5	0
	89.75	44
	90	0
	90.25	0
	90.5	0
	90.75	0
	91	0
	91.25	0
	91.5	13
	91.75	13
	92	0
	92.25	0
	92.5	0
	92.75	0
	93	0
	93.25	0
	93.5	0
	93.75	0
	94	70
	94.25	0
	94.5	0
	94.75	0
	95	0
	95.25	0
	95.5	0
	95.75	0
	96	0
	96.25	34
	96.5	0
	96.75	0
	97	0
	97.25	0
	97.5	0
	97.75	0
	98	0
	98.25	0
	98.5	0
	98.75	0
	99	0
	99.25	0
	99.5	2
	99.75	0
	100	0
	100.25	0
	100.5	67
	100.75	0
	101	0
	101.25	0
	101.5	0
	101.75	0
	102	0
	102.25	0
	102.5	0
	102.75	0
	103	0
	103.25	0
	103.5	0
	103.75	0
	104	0
	104.25	0
	104.5	0
	104.75	0
	105	0
	105.25	0
	105.5	0
	105.75	0
	106	0
	106.25	0
	106.5	0
	106.75	0
	107	0
	107.25	0
	107.5	15
	107.75	0
	108	0
	108.25	0
	108.5	0
	108.75	0
	109	0
	109.25	0
	109.5	0
	109.75	0
	110	0
	110.25	16
	110.5	0
	110.75	0
	111	0
	111.25	0
	111.5	0
	111.75	0
	112	0
	112.25	0
	112.5	0
	112.75	0
	113	42
	113.25	0
	113.5	0
	113.75	0
	114	0
	114.25	0
	114.5	0
	114.75	0
	115	0
	115.25	0
	115.5	0
	115.75	0
	116	0
	116.25	0
	116.5	0
	116.75	0
	117	0
	117.25	0
	117.5	0
	117.75	0
	118	0
	118.25	0
	118.5	0
	118.75	0
	119	0
	119.25	0
	119.5	0
	119.75	19
	120	0
	120.25	0
	120.5	0
	120.75	0
	121	0
	121.25	0
	121.5	0
	121.75	0
	122	0
	122.25	0
	122.5	0
	122.75	0
	123	0
	123.25	0
	123.5	0
	123.75	0
	124	0
	124.25	0
	124.5	0
	124.75	0
	125	0
	125.25	0
	125.5	0
	125.75	0
	126	0
	126.25	46
	126.5	0
	126.75	0
	127	0
	127.25	0
	127.5	0
	127.75	0
	128	0
	128.25	0
	128.5	0
	128.75	0
	129	0
	129.25	0
	129.5	8
	129.75	0
	130	0
	130.25	0
	130.5	0
	130.75	21
	131	0
	131.25	0
	131.5	0
	131.75	0
	132	0
	132.25	0
	132.5	0
	132.75	0
	133	10
	133.25	0
	133.5	0
	133.75	0
	134	29
	134.25	0
	134.5	0
	134.75	0
	135	0
	135.25	0
	135.5	0
	135.75	0
	136	0
	136.25	0
	136.5	12
	136.75	0
	137	0
	137.25	0
	137.5	0
	137.75	0
	138	0
	138.25	0
	138.5	0
	138.75	0
	139	0
	139.25	0
	139.5	26
	139.75	0
	140	0
	140.25	0
	140.5	0
	140.75	0
	141	0
	141.25	0
	141.5	0
	141.75	0
	142	0
	142.25	0
	142.5	0
	142.75	0
	143	0
	143.25	0
	143.5	4
	143.75	0
	144	0
	144.25	0
	144.5	0
	144.75	0
	145	65
	145.25	0
	145.5	0
	145.75	0
	146	0
	146.25	0
	146.5	0
	146.75	0
	147	0
	147.25	0
	147.5	0
	147.75	0
	148	0
	148.25	0
	148.5	45
	148.75	0
	149	0
	149.25	0
	149.5	0
	149.75	0
	150	0
	150.25	0
	150.5	0
	150.75	0
	151	0
	151.25	0
	151.5	0
	151.75	0
	152	43
	152.25	0
	152.5	0
	152.75	0
	153	0
	153.25	0
	153.5	0
	153.75	0
	154	0
	154.25	0
	154.5	0
	154.75	14
	155	0
	155.25	0
	155.5	0
	155.75	0
	156	0
	156.25	0
	156.5	0
	156.75	0
	157	0
	157.25	45
	157.5	0
	157.75	0
	158	0
	158.25	0
	158.5	0
	158.75	0
	159	0
	159.25	0
	159.5	0
	159.75	9
	160	0
	160.25	0
	160.5	0
	160.75	16
	161	0
	161.25	0
	161.5	0
	161.75	0
	162	0
	162.25	0
	162.5	0
	162.75	0
	163	0
	163.25	0
	163.5	38
	163.75	0
	164	0
	164.25	5
	164.5	0
	164.75	0
	165	0
	165.25	11
	165.5	0
	165.75	0
	166	42
	166.25	0
	166.5	5
	166.75	0
	167	0
	167.25	8
	167.5	0
	167.75	0
	168	0
	168.25	38
	168.5	0
	168.75	0
	169	0
	169.25	0
	169.5	13
	169.75	0
	170	0
	170.25	12
	170.5	0
	170.75	0
	171	0
	171.25	0
	171.5	0
	171.75	0
	172	0
	172.25	0
	172.5	0
	172.75	0
	173	0
	173.25	0
	173.5	0
	173.75	0
	174	0
	174.25	41
	174.5	0
	174.75	0
	175	0
	175.25	0
	175.5	0
	175.75	0
	176	0
	176.25	0
	176.5	0
	176.75	0
	177	0
	177.25	0
	177.5	0
	177.75	0
	178	0
	178.25	0
	178.5	28
	178.75	0
	179	0
	179.25	0
	179.5	0
	179.75	0
	180	0
	180.25	0
	180.5	0
	180.75	0
	181	0
	181.25	0
	181.5	0
	181.75	0
	182	0
	182.25	0
	182.5	0
	182.75	43
	183	0
	183.25	0
	183.5	0
	183.75	0
	184	0
	184.25	0
	184.5	0
	184.75	0
	185	0
	185.25	0
	185.5	0
	185.75	0
	186	0
	186.25	0
	186.5	0
	186.75	12
	187	0
	187.25	0
	187.5	0
	187.75	0
	188	0
	188.25	0
	188.5	0
	188.75	0
	189	0
	189.25	0
	189.5	0
	189.75	0
	190	0
	190.25	0
	190.5	0
	190.75	24
	191	0
	191.25	0
	191.5	0
	191.75	0
	192	0
	192.25	0
	192.5	0
	192.75	0
	193	0
	193.25	0
	193.5	0
	193.75	0
	194	0
	194.25	0
	194.5	0
	194.75	0
	195	0
	195.25	17
	195.5	0
	195.75	0
	196	0
	196.25	0
	196.5	0
	196.75	0
	197	0
	197.25	0
	197.5	0
	197.75	0
	198	0
	198.25	0
	198.5	0
	198.75	0
	199	0
	199.25	22
	199.5	0
	199.75	0
	200	0
	200.25	5
	200.5	0
	200.75	0
	201	0
	201.25	67
	201.5	0
	201.75	0
	202	0
	202.25	0
	202.5	0
	202.75	0
	203	0
	203.25	0
	203.5	0
	203.75	0
	204	0
	204.25	0
	204.5	0
	204.75	0
	205	0
	205.25	0
	205.5	0
	205.75	0
	206	0
	206.25	0
	206.5	0
	206.75	0
	207	0
	207.25	0
	207.5	0
	207.75	0
	208	0
	208.25	0
	208.5	0
	208.75	0
	209	0
	209.25	0
	209.5	9
	209.75	0
	210	0
	210.25	0
	210.5	0
	210.75	0
	211	0
	211.25	0
	211.5	0
	211.75	0
	212	0
	212.25	0
	212.5	0
	212.75	0
	213	0
	213.25	0
	213.5	0
	213.75	0
	214	9
	214.25	0
	214.5	0
	214.75	0
	215	0
	215.25	0
	215.5	0
	215.75	0
	216	0
	216.25	0
	216.5	0
	216.75	0
	217	0
	217.25	0
	217.5	18
	217.75	0
	218	0
	218.25	0
	218.5	0
	218.75	0
	219	0
	219.25	0
	219.5	0
	219.75	0
	220	0
	220.25	0
	220.5	0
	220.75	0
	221	0
	221.25	0
	221.5	0
	221.75	0
	222	0
	222.25	0
	222.5	0
	222.75	0
	223	0
	223.25	0
	223.5	0
	223.75	0
	224	0
	224.25	0
	224.5	0
	224.75	0
	225	0
	225.25	0
	225.5	0
	225.75	0
	226	0
	226.25	0
	226.5	0
	226.75	0
	227	0
	227.25	0
	227.5	0
	227.75	0
	228	0
	228.25	52
	228.5	0
	228.75	0
	229	0
	229.25	0
	229.5	0
	229.75	0
	230	0
	230.25	0
	230.5	0
	230.75	0
	231	0
	231.25	0
	231.5	0
	231.75	0
	232	0
	232.25	0
	232.5	0
	232.75	0
	233	0
	233.25	0
	233.5	18
	233.75	0
	234	0
	234.25	0
	234.5	0
	234.75	0
	235	0
	235.25	0
	235.5	0
	235.75	0
	236	0
	236.25	0
	236.5	0
	236.75	0
	237	42
	237.25	0
	237.5	0
	237.75	0
	238	0
	238.25	0
	238.5	0
	238.75	0
	239	18
	239.25	0
	239.5	0
	239.75	0
	240	0
	240.25	0
	240.5	0
	240.75	0
	241	0
	241.25	0
	241.5	28
	241.75	0
	242	0
	242.25	0
	242.5	0
	242.75	0
	243	0
	243.25	0
	243.5	0
	243.75	0
	244	9
	244.25	0
	244.5	0
	244.75	0
	245	10
	245.25	0
	245.5	0
	245.75	0
	246	0
	246.25	0
	246.5	0
	246.75	0
	247	26
	247.25	0
	247.5	0
	247.75	0
	248	0
	248.25	0
	248.5	15
	248.75	0
	249	0
	249.25	0
	249.5	2
	249.75	0
	250	16
	250.25	0
	250.5	0
	250.75	0
	251	0
	251.25	0
	251.5	0
	251.75	0
	252	0
	252.25	70
	252.5	0
	252.75	0
	253	0
	253.25	0
	253.5	0
	253.75	0
	254	0
	254.25	41
	254.5	0
	254.75	0
	255	0
	255.25	0
	255.5	0
	255.75	0
	256	0
	256.25	0
	256.5	0
	256.75	0
	257	0
	257.25	0
	257.5	0
	257.75	0
	258	0
	258.25	0
	258.5	0
	258.75	0
	259	0
	259.25	0
	259.5	0
	259.75	61
	260	0
	260.25	0
	260.5	0
	260.75	0
	261	0
	261.25	0
	261.5	0
	261.75	0
	262	0
	262.25	0
	262.5	0
	262.75	0
	263	0
	263.25	0
	263.5	0
	263.75	0
	264	0
	264.25	0
	264.5	0
	264.75	0
	265	0
	265.25	37
	265.5	0
	265.75	0
	266	0
	266.25	0
	266.5	0
	266.75	0
	267	0
	267.25	0
	267.5	0
	267.75	0
	268	0
	268.25	0
	268.5	0
	268.75	0
	269	0
	269.25	0
	269.5	0
	269.75	0
	270	0
	270.25	0
	270.5	0
	270.75	0
	271	0
	271.25	0
	271.5	0
	271.75	0
	272	0
	272.25	68
	272.5	0
	272.75	0
	273	0
	273.25	0
	273.5	0
	273.75	0
	274	0
	274.25	0
	274.5	0
	274.75	0
	275	0
	275.25	0
	275.5	24
	275.75	0
	276	0
	276.25	0
	276.5	0
	276.75	0
	277	0
	277.25	0
	277.5	0
	277.75	0
	278	0
	278.25	0
	278.5	0
	278.75	19
	279	0
	279.25	0
	279.5	0
	279.75	0
	280	0
	280.25	0
	280.5	0
	280.75	0
	281	0
	281.25	0
	281.5	0
	281.75	0
	282	11
	282.25	0
	282.5	0
	282.75	0
	283	0
	283.25	0
	283.5	0
	283.75	0
	284	0
	284.25	0
	284.5	0
	284.75	0
	285	0
	285.25	0
	285.5	0
	285.75	0
	286	0
	286.25	0
	286.5	0
	286.75	0
	287	0
	287.25	0
	287.5	0
	287.75	0
	288	0
	288.25	0
	288.5	0
	288.75	5
	289	0
	289.25	0
	289.5	0
	289.75	0
	290	28
	290.25	0
	290.5	0
	290.75	0
	291	0
	291.25	0
	291.5	0
	291.75	0
	292	0
	292.25	0
	292.5	0
	292.75	0
	293	0
	293.25	0
	293.5	0
	293.75	0
	294	0
	294.25	0
	294.5	0
	294.75	0
	295	0
	295.25	0
	295.5	22
	295.75	0
	296	0
	296.25	0
	296.5	0
	296.75	0
	297	0
	297.25	4
	297.5	0
	297.75	0
	298	0
	298.25	0
	298.5	0
	298.75	0
	299	26
	299.25	0
	299.5	0
	299.75	0
	300	0
	300.25	0
	300.5	0
	300.75	0
	301	0
	301.25	0
	301.5	0
	301.75	0
	302	0
	302.25	0
	302.5	0
	302.75	32
	303	0
	303.25	0
	303.5	0
	303.75	0
	304	0
	304.25	0
	304.5	0
	304.75	0
	305	34
	305.25	0
	305.5	0
	305.75	0
	306	0
	306.25	0
	306.5	0
	306.75	0
	307	69
	307.25	0
	307.5	0
	307.75	0
	308	0
	308.25	0
	308.5	0
	308.75	0
	309	0
	309.25	0
	309.5	0
	309.75	0
	310	0
	310.25	0
	310.5	0
	310.75	0
	311	24
	311.25	0
	311.5	0
	311.75	0
	312	0
	312.25	0
	312.5	0
	312.75	0
	313	0
	313.25	0
	313.5	0
	313.75	0
	314	0
	314.25	0
	314.5	0
	314.75	0
	315	0
	315.25	33
	315.5	0
	315.75	0
	316	0
	316.25	0
	316.5	0
	316.75	0
	317	0
	317.25	0
	317.5	0
	317.75	0
	318	0
	318.25	0
	318.5	0
	318.75	0
	319	0
	319.25	17
	319.5	0
	319.75	0
	320	0
	320.25	0
	320.5	0
	320.75	0
	321	0
	321.25	0
	321.5	0
	321.75	0
	322	0
	322.25	0
	322.5	0
	322.75	0
	323	0
	323.25	55
	323.5	0
	323.75	0
	324	0
	324.25	0
	324.5	0
	324.75	0
	325	0
	325.25	0
	325.5	0
	325.75	0
	326	0
	326.25	0
	326.5	0
	326.75	0
	327	74
	327.25	0
	327.5	0
	327.75	0
	328	0
	328.25	0
	328.5	0
	328.75	0
	329	0
	329.25	0
	329.5	0
	329.75	0
	330	0
	330.25	0
	330.5	0
	330.75	0
	331	48
	331.25	0
	331.5	0
	331.75	0
	332	0
	332.25	0
	332.5	0
	332.75	0
	333	0
	333.25	0
	333.5	0
	333.75	0
	334	0
	334.25	0
	334.5	0
	334.75	0
	335	0
	335.25	0
	335.5	0
	335.75	0
	336	0
	336.25	0
	336.5	0
	336.75	0
	337	0
	337.25	0
	337.5	0
	337.75	0
	338	0
	338.25	0
	338.5	0
	338.75	39
	339	0
	339.25	0
	339.5	0
	339.75	0
	340	0
	340.25	0
	340.5	0
	340.75	0
	341	0
	341.25	0
	341.5	0
	341.75	0
	342	0
	342.25	0
	342.5	0
	342.75	0
	343	0
	343.25	0
	343.5	0
	343.75	0
	344	0
	344.25	0
	344.5	0
	344.75	0
	345	0
	345.25	0
	345.5	0
	345.75	0
	346	0
	346.25	0
	346.5	0
	346.75	54
	347	0
	347.25	0
	347.5	0
	347.75	0
	348	0
	348.25	0
	348.5	0
	348.75	0
	349	0
	349.25	0
	349.5	0
	349.75	0
	350	0
	350.25	0
	350.5	0
	350.75	0
	351	0
	351.25	0
	351.5	0
	351.75	0
	352	0
	352.25	0
	352.5	0
	352.75	40
	353	0
	353.25	0
	353.5	0
	353.75	0
	354	0
	354.25	0
	354.5	0
	354.75	0
	355	0
	355.25	0
	355.5	0
	355.75	0
	356	0
	356.25	0
	356.5	0
	356.75	0
	357	0
	357.25	0
	357.5	0
	357.75	0
	358	0
	358.25	0
	358.5	0
	358.75	0
	359	86
	359.25	0
	359.5	0
	359.75	0
	360	0
	360.25	0
	360.5	0
	360.75	0
	361	0
	361.25	0
	361.5	0
	361.75	0
	362	0
	362.25	0
	362.5	0
	362.75	0
	363	0
	363.25	0
	363.5	19
	363.75	0
	364	0
	364.25	0
	364.5	0
	364.75	0
	365	0
	365.25	0
	365.5	0
	365.75	0
	366	0
	366.25	0
	366.5	0
	366.75	0
	367	0
	367.25	0
	367.5	0
	367.75	25
	368	0
	368.25	0
	368.5	0
	368.75	0
	369	0
	369.25	0
	369.5	0
	369.75	0
	370	0
	370.25	0
	370.5	0
	370.75	0
	371	0
	371.25	0
	371.5	0
	371.75	0
	372	0
	372.25	81
	372.5	0
	372.75	0
	373	0
	373.25	0
	373.5	0
	373.75	0
	374	0
	374.25	0
	374.5	0
	374.75	0
	375	0
	375.25	0
	375.5	0
	375.75	29
	376	0
	376.25	0
	376.5	0
	376.75	0
	377	0
	377.25	0
	377.5	0
	377.75	0
	378	0
	378.25	0
	378.5	0
	378.75	0
	379	0
	379.25	38
	379.5	0
	379.75	0
	380	0
	380.25	0
	380.5	0
	380.75	0
	381	0
	381.25	0
	381.5	0
	381.75	0
	382	0
	382.25	0
	382.5	0
	382.75	87
	383	0
	383.25	0
	383.5	0
	383.75	0
	384	44
	384.25	0
	384.5	0
	384.75	0
	385	0
	385.25	0
	385.5	0
	385.75	0
	386	0
	386.25	0
	386.5	0
	386.75	0
	387	0
	387.25	0
	387.5	0
	387.75	81
	388	0
	388.25	0
	388.5	0
	388.75	0
	389	0
	389.25	0
	389.5	0
	389.75	0
	390	0
	390.25	0
	390.5	24
	390.75	0
	391	0
	391.25	0
	391.5	0
	391.75	0
	392	0
	392.25	0
	392.5	0
	392.75	0
	393	0
	393.25	80
	393.5	0
	393.75	0
	394	0
	394.25	0
	394.5	0
	394.75	0
	395	0
	395.25	0
	395.5	0
	395.75	0
	396	0
	396.25	0
	396.5	0
	396.75	0
	397	0
	397.25	0
	397.5	0
	397.75	0
	398	0
	398.25	0
	398.5	0
	398.75	0
	399	0
	399.25	0
	399.5	0
	399.75	0
	400	0
	400.25	0
	400.5	67
	400.75	0
	401	0
	401.25	0
	401.5	0
	401.75	0
	402	0
	402.25	0
	402.5	0
	402.75	0
	403	0
	403.25	0
	403.5	0
	403.75	0
	404	0
	404.25	0
	404.5	0
	404.75	0
	405	0
	405.25	0
	405.5	0
	405.75	0
	406	0
	406.25	0
	406.5	0
	406.75	0
	407	0
	407.25	0
	407.5	49
	407.75	0
	408	0
	408.25	0
	408.5	0
	408.75	0
	409	0
	409.25	24
	409.5	0
	409.75	0
	410	0
	410.25	0
	410.5	0
	410.75	68
	411	0
	411.25	0
	411.5	0
	411.75	0
	412	0
	412.25	0
	412.5	0
	412.75	0
	413	0
	413.25	0
	413.5	0
	413.75	0
	414	0
	414.25	0
	414.5	0
	414.75	0
	415	26
	415.25	0
	415.5	0
	415.75	0
	416	0
	416.25	0
	416.5	0
	416.75	0
	417	0
	417.25	0
	417.5	0
	417.75	0
	418	0
	418.25	0
	418.5	0
	418.75	0
	419	0
	419.25	82
	419.5	0
	419.75	0
	420	0
	420.25	0
	420.5	0
	420.75	0
	421	0
	421.25	0
	421.5	0
	421.75	0
	422	0
	422.25	0
	422.5	0
	422.75	0
	423	84
	423.25	0
	423.5	0
	423.75	0
	424	0
	424.25	0
	424.5	0
	424.75	0
	425	0
	425.25	0
	425.5	54
	425.75	0
	426	0
	426.25	0
	426.5	0
	426.75	0
	427	0
	427.25	87
	427.5	0
	427.75	0
	428	0
	428.25	0
	428.5	0
	428.75	0
	429	0
	429.25	0
	429.5	0
	429.75	0
	430	0
	430.25	0
	430.5	50
	430.75	0
	431	0
	431.25	0
	431.5	0
	431.75	0
	432	0
	432.25	0
	432.5	0
	432.75	0
	433	0
	433.25	70
	433.5	0
	433.75	0
	434	0
	434.25	0
	434.5	0
	434.75	0
	435	0
	435.25	0
	435.5	0
	435.75	0
	436	0
	436.25	0
	436.5	0
	436.75	0
	437	0
	437.25	0
	437.5	0
	437.75	0
	438	0
	438.25	0
	438.5	23
	438.75	0
	439	0
	439.25	0
	439.5	0
	439.75	0
	440	0
	440.25	0
	440.5	0
	440.75	22
	441	0
	441.25	0
	441.5	0
	441.75	0
	442	0
	442.25	0
	442.5	0
	442.75	0
	443	0
	443.25	0
	443.5	0
	443.75	88
	444	0
	444.25	0
	444.5	0
	444.75	0
	445	0
	445.25	81
	445.5	0
	445.75	0
	446	0
	446.25	0
	446.5	0
	446.75	0
	447	0
	447.25	0
	447.5	0
	447.75	43
	448	0
	448.25	0
	448.5	0
	448.75	62
	449	0
	449.25	0
	449.5	0
	449.75	0
	450	0
	450.25	0
	450.5	0
	450.75	0
	451	0
	451.25	65
	451.5	0
	451.75	0
	452	0
	452.25	0
	452.5	0
	452.75	0
	453	0
	453.25	0
	453.5	0
	453.75	0
	454	0
	454.25	0
	454.5	0
	454.75	0
	455	0
	455.25	67
	455.5	0
	455.75	0
	456	0
	456.25	0
	456.5	0
	456.75	0
	457	0
	457.25	0
	457.5	0
	457.75	0
	458	0
	458.25	144
	458.5	0
	458.75	0
	459	0
	459.25	0
	459.5	24
	459.75	0
	460	0
	460.25	0
	460.5	0
	460.75	0
	461	0
	461.25	0
	461.5	0
	461.75	39
	462	0
	462.25	0
	462.5	0
	462.75	0
	463	0
	463.25	0
	463.5	0
	463.75	0
	464	0
	464.25	0
	464.5	0
	464.75	0
	465	0
	465.25	58
	465.5	0
	465.75	0
	466	0
	466.25	0
	466.5	0
	466.75	0
	467	0
	467.25	0
	467.5	0
	467.75	0
	468	0
	468.25	0
	468.5	0
	468.75	0
	469	0
	469.25	0
	469.5	0
	469.75	0
	470	25
	470.25	0
	470.5	0
	470.75	0
	471	0
	471.25	0
	471.5	38
	471.75	0
	472	0
	472.25	0
	472.5	0
	472.75	0
	473	0
	473.25	0
	473.5	0
	473.75	0
	474	0
	474.25	0
	474.5	0
	474.75	0
	475	0
	475.25	0
	475.5	0
	475.75	0
	476	0
	476.25	0
	476.5	0
	476.75	0
	477	0
	477.25	0
	477.5	0
	477.75	48
	478	0
	478.25	0
	478.5	0
	478.75	0
	479	0
	479.25	0
	479.5	0
	479.75	0
	480	0
	480.25	0
	480.5	0
	480.75	0
	481	0
	481.25	0
	481.5	24
	481.75	0
	482	0
	482.25	0
	482.5	0
	482.75	0
	483	0
	483.25	0
	483.5	0
	483.75	0
	484	0
	484.25	0
	484.5	0
	484.75	0
	485	0
	485.25	25
	485.5	0
	485.75	24
	486	0
	486.25	0
	486.5	0
	486.75	0
	487	0
	487.25	0
	487.5	7
	487.75	0
	488	0
	488.25	0
	488.5	0
	488.75	0
	489	0
	489.25	0
	489.5	26
	489.75	0
	490	0
	490.25	0
	490.5	0
	490.75	0
	491	0
	491.25	0
	491.5	0
	491.75	11
	492	0
	492.25	0
	492.5	0
	492.75	0
	493	0
	493.25	0
	493.5	0
	493.75	0
	494	19
	494.25	0
	494.5	0
	494.75	0
	495	0
	495.25	0
	495.5	0
	495.75	0
	496	0
	496.25	0
	496.5	0
	496.75	0
	497	0
	497.25	0
	497.5	0
	497.75	0
	498	0
	498.25	0
	498.5	0
	498.75	0
	499	28
	499.25	22
	499.5	0
	499.75	0
	500	0
	500.25	8
	500.5	0
	500.75	0
	501	0
	501.25	24
	501.5	0
	501.75	0
	502	0
	502.25	0
	502.5	20
	502.75	0
	503	0
	503.25	0
	503.5	16
	503.75	0
	504	0
	504.25	0
	504.5	0
	504.75	34
	505	0
	505.25	0
	505.5	0
	505.75	12
	506	0
	506.25	0
	506.5	0
	506.75	0
	507	15
	507.25	0
	507.5	0
	507.75	0
	508	4
	508.25	0
	508.5	0
	508.75	0
	509	0
	509.25	2
	509.5	0
	509.75	0
	510	0
	510.25	35
	510.5	0
	510.75	0
	511	0
	511.25	0
	511.5	9
	511.75	0
	512	0
	512.25	0
	512.5	0
	512.75	40
	513	0
	513.25	0
	513.5	0
	513.75	0
	514	0
	514.25	0
	514.5	25
	514.75	0
	515	0
	515.25	0
	515.5	0
	515.75	0
	516	46
	516.25	0
	516.5	0
	516.75	0
	517	0
	517.25	0
	517.5	0
	517.75	0
	518	0
	518.25	0
	518.5	23
	518.75	0
	519	0
	519.25	0
	519.5	0
	519.75	0
	520	0
	520.25	0
	520.5	0
	520.75	0
	521	25
	521.25	0
	521.5	0
	521.75	0
	522	0
	522.25	0
	522.5	0
	522.75	0
	523	0
	523.25	12
	523.5	0
	523.75	0
	524	0
	524.25	0
	524.5	0
	524.75	0
	525	0
	525.25	0
	525.5	0
	525.75	0
	526	0
	526.25	0
	526.5	0
	526.75	0
	527	0
	527.25	0
	527.5	0
	527.75	0
	528	0
	528.25	0
	528.5	0
	528.75	0
	529	0
	529.25	0
	529.5	0
	529.75	0
	530	2
	530.25	0
	530.5	0
	530.75	0
	531	0
	531.25	0
	531.5	0
	531.75	0
	532	0
	532.25	0
	532.5	0
	532.75	0
	533	0
	533.25	0
	533.5	0
	533.75	0
	534	0
	534.25	0
	534.5	0
	534.75	0
	535	0
	535.25	0
	535.5	0
	535.75	0
	536	0
	536.25	0
	536.5	0
	536.75	0
	537	0
	537.25	0
	537.5	0
	537.75	0
	538	0
	538.25	0
	538.5	0
	538.75	0
	539	0
	539.25	0
	539.5	0
	539.75	0
	540	0
	540.25	0
	540.5	0
	540.75	0
	541	17
	541.25	0
	541.5	0
	541.75	0
	542	0
	542.25	0
	542.5	0
	542.75	0
	543	0
	543.25	0
	543.5	0
	543.75	0
	544	0
	544.25	0
	544.5	0
	544.75	0
	545	0
	545.25	0
	545.5	0
	545.75	0
	546	0
	546.25	0
	546.5	0
	546.75	0
	547	0
	547.25	0
	547.5	0
	547.75	0
	548	0
	548.25	0
	548.5	0
	548.75	0
	549	0
	549.25	0
	549.5	0
	549.75	0
	550	0
	550.25	0
	550.5	0
	550.75	0
	551	0
	551.25	0
	551.5	0
	551.75	0
	552	0
	552.25	0
	552.5	0
	552.75	0
	553	0
	553.25	0
	553.5	0
	553.75	0
	554	0
	554.25	0
	554.5	0
	554.75	0
	555	0
	555.25	0
	555.5	0
	555.75	0
	556	0
	556.25	0
	556.5	0
	556.75	0
	557	0
	557.25	0
	557.5	0
	557.75	0
	558	0
	558.25	0
	558.5	0
	558.75	0
	559	0
	559.25	0
	559.5	0
	559.75	0
	560	0
	560.25	0
	560.5	0
	560.75	0
	561	0
	561.25	0
	561.5	0
	561.75	0
	562	0
	562.25	0
	562.5	0
	562.75	0
	563	0
	563.25	0
	563.5	0
	563.75	0
	564	0
	564.25	0
	564.5	0
	564.75	0
	565	0
	565.25	0
	565.5	0
	565.75	0
	566	0
	566.25	0
