format version:	1.3
age units:	Ma

event Column Per Million Year Event Frequencies	point	150	255/245/230
	0.500001	163
	1.500001	127
	2.500001	113
	3.500001	104
	4.500001	94
	5.500001	78
	6.500001	47
	7.500001	33
	8.500001	53
	9.500001	43
	10.500001	29
	11.500001	48
	12.500001	42
	13.500001	52
	14.500001	41
	15.500001	37
	16.500001	31
	17.500001	39
	18.500001	23
	19.500001	22
	20.500001	25
	21.500001	33
	22.500001	26
	23.500001	41
	24.500001	20
	25.500001	28
	26.500001	29
	27.500001	21
	28.500001	36
	29.500001	24
	30.500001	28
	31.500001	20
	32.500001	26
	33.500001	56
	34.500001	23
	35.500001	36
	36.500001	28
	37.500001	32
	38.500001	23
	39.500001	19
	40.500001	23
	41.500001	27
	42.500001	16
	43.500001	31
	44.500001	20
	45.500001	26
	46.500001	15
	47.500001	19
	48.500001	32
	49.500001	19
	50.500001	33
	51.500001	15
	52.500001	27
	53.500001	28
	54.500001	33
	55.500001	58
	56.500001	13
	57.500001	30
	58.500001	32
	59.500001	34
	60.500001	25
	61.500001	23
	62.500001	34
	63.500001	14
	64.500001	17
	65.500001	32
	66.500001	35
	67.500001	12
	68.500001	12
	69.500001	20
	70.500001	17
	71.500001	16
	72.500001	26
	73.500001	8
	74.500001	12
	75.500001	12
	76.500001	9
	77.500001	8
	78.500001	11
	79.500001	13
	80.500001	13
	81.500001	20
	82.500001	10
	83.500001	7
	84.500001	32
	85.500001	22
	86.500001	40
	87.500001	3
	88.500001	14
	89.500001	36
	90.500001	20
	91.500001	5
	92.500001	21
	93.500001	38
	94.500001	34
	95.500001	35
	96.500001	17
	97.500001	7
	98.500001	10
	99.500001	14
	100.500001	27
	101.500001	26
	102.500001	6
	103.500001	14
	104.500001	2
	105.500001	7
	106.500001	16
	107.500001	17
	108.500001	10
	109.500001	13
	110.500001	26
	111.500001	8
	112.500001	6
	113.500001	17
	114.500001	23
	115.500001	1
	116.500001	6
	117.500001	5
	118.500001	11
	119.500001	11
	120.500001	4
	121.500001	6
	122.500001	21
	123.500001	19
	124.500001	11
	125.500001	15
	126.500001	40
	127.500001	23
	128.500001	7
	129.500001	32
	130.500001	38
	131.500001	21
	132.500001	26
	133.500001	39
	134.500001	37
	135.500001	13
	136.500001	8
	137.500001	17
	138.500001	32
	139.500001	51
	140.500001	17
	141.500001	26
	142.500001	16
	143.500001	5
	144.500001	13
	145.500001	26
	146.500001	16
	147.500001	16
	148.500001	6
	149.500001	16
	150.500001	15
	151.500001	15
	152.500001	20
	153.500001	15
	154.500001	10
	155.500001	12
	156.500001	9
	157.500001	10
	158.500001	15
	159.500001	19
	160.500001	15
	161.500001	6
	162.500001	4
	163.500001	25
	164.500001	25
	165.500001	15
	166.500001	52
	167.500001	10
	168.500001	26
	169.500001	46
	170.500001	28
	171.500001	9
	172.500001	8
	173.500001	5
	174.500001	24
	175.500001	1
	176.500001	7
	177.500001	1
	178.500001	3
	179.500001	4
	180.500001	11
	181.500001	2
	182.500001	10
	183.500001	16
	184.500001	4
	185.500001	7
	186.500001	7
	187.500001	5
	188.500001	14
	189.500001	15
	190.500001	3
	191.500001	13
	192.500001	5
	193.500001	11
	194.500001	5
	195.500001	8
	196.500001	5
	197.500001	9
	198.500001	4
	199.500001	16
	200.500001	12
	201.500001	32
	202.500001	5
	203.500001	3
	204.500001	6
	205.500001	2
	206.500001	2
	207.500001	1
	208.500001	2
	209.500001	10
	210.500001	7
	211.500001	4
	212.500001	1
	213.500001	2
	214.500001	21
	215.500001	11
	216.500001	14
	217.500001	17
	218.500001	3
	219.500001	3
	220.500001	1
	221.500001	4
	222.500001	4
	223.500001	0
	224.500001	6
	225.500001	1
	226.500001	1
	227.500001	3
	228.500001	14
	229.500001	6
	230.500001	4
	231.500001	10
	232.500001	11
	233.500001	19
	234.500001	12
	235.500001	14
	236.500001	11
	237.500001	17
	238.500001	10
	239.500001	15
	240.500001	13
	241.500001	16
	242.500001	23
	243.500001	19
	244.500001	13
	245.500001	9
	246.500001	18
	247.500001	9
	248.500001	15
	249.500001	14
	250.500001	23
	251.500001	18
	252.500001	9
	253.500001	7
	254.500001	6
	255.500001	1
	256.500001	0
	257.500001	5
	258.500001	5
	259.500001	7
	260.500001	5
	261.500001	1
	262.500001	3
	263.500001	1
	264.500001	5
	265.500001	6
	266.500001	2
	267.500001	2
	268.500001	9
	269.500001	2
	270.500001	0
	271.500001	1
	272.500001	7
	273.500001	4
	274.500001	4
	275.500001	1
	276.500001	1
	277.500001	1
	278.500001	4
	279.500001	3
	280.500001	1
	281.500001	5
	282.500001	0
	283.500001	2
	284.500001	1
	285.500001	3
	286.500001	1
	287.500001	4
	288.500001	3
	289.500001	3
	290.500001	4
	291.500001	1
	292.500001	5
	293.500001	4
	294.500001	3
	295.500001	6
	296.500001	8
	297.500001	4
	298.500001	5
	299.500001	12
	300.500001	3
	301.500001	2
	302.500001	1
	303.500001	5
	304.500001	1
	305.500001	4
	306.500001	3
	307.500001	2
	308.500001	1
	309.500001	0
	310.500001	0
	311.500001	1
	312.500001	1
	313.500001	4
	314.500001	6
	315.500001	0
	316.500001	3
	317.500001	2
	318.500001	2
	319.500001	2
	320.500001	1
	321.500001	3
	322.500001	5
	323.500001	8
	324.500001	7
	325.500001	2
	326.500001	4
	327.500001	2
	328.500001	5
	329.500001	6
	330.500001	1
	331.500001	2
	332.500001	3
	333.500001	2
	334.500001	5
	335.500001	4
	336.500001	2
	337.500001	2
	338.500001	1
	339.500001	1
	340.500001	0
	341.500001	1
	342.500001	0
	343.500001	2
	344.500001	8
	345.500001	1
	346.500001	7
	347.500001	6
	348.500001	3
	349.500001	7
	350.500001	2
	351.500001	2
	352.500001	5
	353.500001	6
	354.500001	4
	355.500001	4
	356.500001	0
	357.500001	2
	358.500001	12
	359.500001	12
	360.500001	2
	361.500001	3
	362.500001	3
	363.500001	6
	364.500001	7
	365.500001	1
	366.500001	5
	367.500001	3
	368.500001	4
	369.500001	1
	370.500001	0
	371.500001	1
	372.500001	15
	373.500001	0
	374.500001	4
	375.500001	4
	376.500001	8
	377.500001	1
	378.500001	1
	379.500001	7
	380.500001	6
	381.500001	3
	382.500001	10
	383.500001	5
	384.500001	10
	385.500001	6
	386.500001	9
	387.500001	10
	388.500001	6
	389.500001	4
	390.500001	2
	391.500001	3
	392.500001	3
	393.500001	8
	394.500001	1
	395.500001	5
	396.500001	1
	397.500001	0
	398.500001	7
	399.500001	4
	400.500001	1
	401.500001	0
	402.500001	2
	403.500001	1
	404.500001	2
	405.500001	3
	406.500001	2
	407.500001	9
	408.500001	6
	409.500001	3
	410.500001	6
	411.500001	4
	412.500001	0
	413.500001	3
	414.500001	0
	415.500001	2
	416.500001	5
	417.500001	0
	418.500001	1
	419.500001	11
	420.500001	5
	421.500001	0
	422.500001	4
	423.500001	4
	424.500001	0
	425.500001	3
	426.500001	1
	427.500001	2
	428.500001	2
	429.500001	3
	430.500001	2
	431.500001	0
	432.500001	2
	433.500001	5
	434.500001	0
	435.500001	1
	436.500001	1
	437.500001	3
	438.500001	6
	439.500001	1
	440.500001	3
	441.500001	1
	442.500001	1
	443.500001	8
	444.500001	5
	445.500001	5
	446.500001	3
	447.500001	5
	448.500001	4
	449.500001	5
	450.500001	6
	451.500001	2
	452.500001	5
	453.500001	1
	454.500001	3
	455.500001	1
	456.500001	3
	457.500001	1
	458.500001	3
	459.500001	0
	460.500001	3
	461.500001	3
	462.500001	3
	463.500001	3
	464.500001	1
	465.500001	2
	466.500001	3
	467.500001	4
	468.500001	3
	469.500001	7
	470.500001	5
	471.500001	3
	472.500001	4
	473.500001	2
	474.500001	4
	475.500001	2
	476.500001	1
	477.500001	2
	478.500001	3
	479.500001	2
	480.500001	4
	481.500001	2
	482.500001	1
	483.500001	1
	484.500001	2
	485.500001	7
	486.500001	4
	487.500001	3
	488.500001	1
	489.500001	4
	490.500001	1
	491.500001	0
	492.500001	1
	493.500001	3
	494.500001	0
	495.500001	1
	496.500001	4
	497.500001	1
	498.500001	3
	499.500001	7
	500.500001	2
	501.500001	1
	502.500001	2
	503.500001	0
	504.500001	5
	505.500001	3
	506.500001	0
	507.500001	3
	508.500001	2
	509.500001	2
	510.500001	2
	511.500001	2
	512.500001	3
	513.500001	3
	514.500001	3
	515.500001	2
	516.500001	1
	517.500001	1
	518.500001	0
	519.500001	5
	520.500001	0
	521.500001	0
	522.500001	0
	523.500001	2
	524.500001	0
	525.500001	1
	526.500001	2
	527.500001	0
	528.500001	0
	529.500001	4
	530.500001	0
	531.500001	0
	532.500001	2
	533.500001	0
	534.500001	1
	535.500001	1
	536.500001	1
	537.500001	2
	538.500001	0
	539.500001	1
	540.500001	4
	541.500001	1
	542.500001	2
	543.500001	1
	544.500001	2
	545.500001	0
	546.500001	1
	547.500001	1
	548.500001	0
	549.500001	5
	550.500001	0
	551.500001	0
	552.500001	0
	553.500001	0
	554.500001	1
	555.500001	0
	556.500001	0
	557.500001	0
	558.500001	0
	559.500001	3
	560.500001	0
	561.500001	0
	562.500001	0
	563.500001	0
	564.500001	0
	565.500001	0
	566.500001	0
	567.500001	0
	568.500001	0
	569.500001	3
	570.500001	0
	571.500001	0
	572.500001	0
	573.500001	1
	574.500001	1
	575.500001	0
	576.500001	0
	577.500001	0
	578.500001	1
	579.500001	1
	580.500001	0
	581.500001	0
	582.500001	0
	583.500001	0
	584.500001	0
	585.500001	0
	586.500001	0
	587.500001	0
	588.500001	0
	589.500001	4
	590.500001	1
	591.500001	0
	592.500001	4
	593.500001	0
	594.500001	0
	595.500001	0
	596.500001	0
	597.500001	0
	598.500001	0
	599.500001	3
