format version:	1.3
age units:	Ma

chron Column 1 Million Year Event Frequencies	point	150	255/245/230
	0.500001	1
	1.500001	6
	2.500001	3
	3.500001	5
	4.500001	7
	5.500001	1
	6.500001	4
	7.500001	9
	8.500001	4
	9.500001	8
	10.500001	0
	11.500001	5
	12.500001	8
	13.500001	5
	14.500001	5
	15.500001	3
	16.500001	5
	17.500001	4
	18.500001	3
	19.500001	1
	20.500001	4
	21.500001	9
	22.500001	4
	23.500001	5
	24.500001	4
	25.500001	4
	26.500001	1
	27.500001	2
	28.500001	3
	29.500001	4
	30.500001	1
	31.500001	1
	32.500001	0
	33.500001	2
	34.500001	0
	35.500001	5
	36.500001	2
	37.500001	4
	38.500001	2
	39.500001	2
	40.500001	1
	41.500001	2
	42.500001	1
	43.500001	1
	44.500001	0
	45.500001	1
	46.500001	0
	47.500001	1
	48.500001	1
	49.500001	1
	50.500001	3
	51.500001	1
	52.500001	1
	53.500001	5
	54.500001	0
	55.500001	0
	56.500001	0
	57.500001	2
	58.500001	1
	59.500001	1
	60.500001	0
	61.500001	0
	62.500001	2
	63.500001	1
	64.500001	2
	65.500001	1
	66.500001	1
	67.500001	0
	68.500001	2
	69.500001	1
	70.500001	0
	71.500001	3
	72.500001	0
	73.500001	2
	74.500001	2
	75.500001	0
	76.500001	0
	77.500001	0
	78.500001	0
	79.500001	1
	80.500001	0
	81.500001	0
	82.500001	0
	83.500001	0
	84.500001	1
	85.500001	0
	86.500001	0
	87.500001	0
	88.500001	0
	89.500001	0
	90.500001	0
	91.500001	0
	92.500001	0
	93.500001	0
	94.500001	0
	95.500001	0
	96.500001	0
	97.500001	0
	98.500001	0
	99.500001	0
	100.500001	0
	101.500001	0
	102.500001	1
	103.500001	1
	104.500001	0
	105.500001	0
	106.500001	1
	107.500001	3
	108.500001	0
	109.500001	0
	110.500001	2
	111.500001	2
	112.500001	0
	113.500001	2
	114.500001	1
	115.500001	1
	116.500001	0
	117.500001	0
	118.500001	1
	119.500001	1
	120.500001	0
	121.500001	0
	122.500001	4
	123.500001	1
	124.500001	0
	125.500001	2
	126.500001	1
	127.500001	0
	128.500001	2
	129.500001	1
	130.500001	1
	131.500001	5
	132.500001	4
	133.500001	4
	134.500001	5
	135.500001	3
	136.500001	8
	137.500001	5
	138.500001	5
	139.500001	2
	140.500001	1
	141.500001	1
	142.500001	2
	143.500001	0
	144.500001	2
	145.500001	3
	146.500001	4
	147.500001	1
	148.500001	1
	149.500001	2
	150.500001	0
	151.500001	8
	152.500001	10
	153.500001	4
	154.500001	9
	155.500001	9
	156.500001	24
	157.500001	15
	158.500001	23
	159.500001	32
	160.500001	36
	161.500001	30
	162.500001	31
	163.500001	27
	164.500001	24
	165.500001	16
	166.500001	36
	167.500001	22
	168.500001	47
	169.500001	43
	170.500001	28
	171.500001	6
	172.500001	6
	173.500001	4
	174.500001	6
	175.500001	3
	176.500001	0
	177.500001	2
	178.500001	1
	179.500001	2
	180.500001	1
	181.500001	2
	182.500001	3
	183.500001	5
	184.500001	6
	185.500001	11
	186.500001	2
	187.500001	6
	188.500001	2
	189.500001	10
	190.500001	5
	191.500001	5
	192.500001	1
	193.500001	1
	194.500001	1
	195.500001	3
	196.500001	2
	197.500001	0
	198.500001	5
	199.500001	6
	200.500001	1
	201.500001	10
	202.500001	3
	203.500001	9
	204.500001	4
	205.500001	0
	206.500001	6
	207.500001	5
	208.500001	3
	209.500001	3
	210.500001	5
	211.500001	0
	212.500001	9
	213.500001	3
	214.500001	5
	215.500001	3
	216.500001	4
	217.500001	6
	218.500001	2
	219.500001	3
	220.500001	2
	221.500001	3
	222.500001	4
	223.500001	2
	224.500001	3
	225.500001	0
	226.500001	5
	227.500001	1
	228.500001	6
	229.500001	6
	230.500001	7
	231.500001	5
	232.500001	5
	233.500001	3
	234.500001	2
	235.500001	6
	236.500001	3
	237.500001	2
	238.500001	8
	239.500001	4
	240.500001	5
	241.500001	5
	242.500001	4
	243.500001	3
	244.500001	4
	245.500001	7
	246.500001	6
	247.500001	7
	248.500001	3
	249.500001	3
	250.500001	2
	251.500001	3
	252.500001	4
	253.500001	4
	254.500001	2
	255.500001	1
	256.500001	0
	257.500001	1
	258.500001	1
	259.500001	0
	260.500001	3
	261.500001	1
	262.500001	0
	263.500001	2
	264.500001	0
	265.500001	0
	266.500001	1
	267.500001	1
	268.500001	0
	269.500001	0
	270.500001	0
	271.500001	0
	272.500001	0
	273.500001	0
	274.500001	0
	275.500001	0
	276.500001	0
	277.500001	0
	278.500001	0
	279.500001	0
	280.500001	0
	281.500001	0
	282.500001	0
	283.500001	0
	284.500001	0
	285.500001	0
	286.500001	2
	287.500001	0
	288.500001	0
	289.500001	0
	290.500001	0
	291.500001	0
	292.500001	0
	293.500001	0
	294.500001	0
	295.500001	0
	296.500001	1
	297.500001	1
	298.500001	0
	299.500001	2
	300.500001	3
	301.500001	1
	302.500001	0
	303.500001	0
	304.500001	2
	305.500001	0
	306.500001	0
	307.500001	0
	308.500001	2
	309.500001	0
	310.500001	0
	311.500001	2
	312.500001	2
	313.500001	0
	314.500001	0
	315.500001	2
	316.500001	6
	317.500001	2
	318.500001	1
	319.500001	1
	320.500001	0
	321.500001	0
	322.500001	1
	323.500001	2
	324.500001	1
	325.500001	0
	326.500001	0
	327.500001	0
	328.500001	2
	329.500001	0
	330.500001	1
	331.500001	3
	332.500001	2
	333.500001	2
	334.500001	4
	335.500001	2
	336.500001	2
	337.500001	2
	338.500001	0
	339.500001	0
	340.500001	0
	341.500001	0
	342.500001	0
	343.500001	0
	344.500001	1
	345.500001	1
	346.500001	2
	347.500001	1
	348.500001	0
	349.500001	0
	350.500001	0
	351.500001	0
	352.500001	1
	353.500001	0
	354.500001	0
	355.500001	0
	356.500001	2
	357.500001	2
	358.500001	3
	359.500001	6
	360.500001	1
	361.500001	4
	362.500001	0
	363.500001	5
	364.500001	0
	365.500001	3
	366.500001	4
	367.500001	7
	368.500001	0
	369.500001	1
	370.500001	1
	371.500001	1
	372.500001	3
	373.500001	2
	374.500001	3
	375.500001	0
	376.500001	1
	377.500001	1
	378.500001	5
	379.500001	1
	380.500001	4
	381.500001	5
	382.500001	3
	383.500001	0
	384.500001	3
	385.500001	1
	386.500001	5
	387.500001	1
	388.500001	2
	389.500001	0
	390.500001	0
	391.500001	1
	392.500001	1
	393.500001	1
	394.500001	0
	395.500001	0
	396.500001	0
	397.500001	3
	398.500001	2
	399.500001	2
	400.500001	3
	401.500001	1
	402.500001	1
	403.500001	0
	404.500001	2
	405.500001	0
	406.500001	2
	407.500001	0
	408.500001	0
	409.500001	0
	410.500001	0
	411.500001	0
	412.500001	0
	413.500001	0
	414.500001	0
	415.500001	0
	416.500001	1
	417.500001	0
	418.500001	2
	419.500001	1
	420.500001	0
	421.500001	0
	422.500001	0
	423.500001	0
	424.500001	0
	425.500001	0
	426.500001	0
	427.500001	1
	428.500001	0
	429.500001	0
	430.500001	0
	431.500001	0
	432.500001	0
	433.500001	1
	434.500001	0
	435.500001	0
	436.500001	0
	437.500001	0
	438.500001	1
	439.500001	0
	440.500001	0
	441.500001	0
	442.500001	1
	443.500001	1
	444.500001	0
	445.500001	0
	446.500001	0
	447.500001	0
	448.500001	1
	449.500001	0
	450.500001	1
	451.500001	0
	452.500001	3
	453.500001	1
	454.500001	1
	455.500001	1
	456.500001	3
	457.500001	1
	458.500001	2
	459.500001	4
	460.500001	3
	461.500001	0
	462.500001	0
	463.500001	0
	464.500001	0
	465.500001	0
	466.500001	0
	467.500001	0
	468.500001	0
	469.500001	0
	470.500001	0
	471.500001	0
	472.500001	0
	473.500001	0
	474.500001	0
	475.500001	0
	476.500001	0
	477.500001	0
	478.500001	0
	479.500001	1
	480.500001	1
	481.500001	0
	482.500001	3
	483.500001	0
	484.500001	0
	485.500001	2
	486.500001	2
	487.500001	4
	488.500001	1
	489.500001	0
	490.500001	2
	491.500001	0
	492.500001	0
	493.500001	0
	494.500001	0
	495.500001	0
	496.500001	2
	497.500001	7
	498.500001	5
	499.500001	12
	500.500001	7
	501.500001	12
	502.500001	4
	503.500001	3
	504.500001	2
	505.500001	2
	506.500001	1
	507.500001	1
	508.500001	2
	509.500001	3
	510.500001	4
	511.500001	2
	512.500001	3
	513.500001	0
	514.500001	0
	515.500001	0
	516.500001	0
	517.500001	0
	518.500001	0
	519.500001	0
	520.500001	0
	521.500001	0
	522.500001	0
	523.500001	0
	524.500001	0
	525.500001	0
	526.500001	0
	527.500001	0
	528.500001	0
	529.500001	0
	530.500001	0
	531.500001	0
	532.500001	0
	533.500001	0
	534.500001	0
	535.500001	0
	536.500001	0
	537.500001	0
	538.500001	0
	539.500001	0
	540.500001	0
	541.500001	0
	542.500001	0
	543.500001	0
	544.500001	0
	545.500001	0
	546.500001	0
	547.500001	0
	548.500001	0
	549.500001	0
	550.500001	0
	551.500001	0
	552.500001	0
	553.500001	0
	554.500001	0
	555.500001	0
	556.500001	0
	557.500001	0
	558.500001	0
	559.500001	0
	560.500001	0
	561.500001	0
	562.500001	0
	563.500001	0
	564.500001	0
	565.500001	0
	566.500001	0
	567.500001	0
	568.500001	0
	569.500001	0
	570.500001	0
	571.500001	0
	572.500001	0
	573.500001	0
	574.500001	0
	575.500001	0
	576.500001	0
	577.500001	0
	578.500001	0
	579.500001	0
	580.500001	0
	581.500001	0
	582.500001	0
	583.500001	0
	584.500001	0
	585.500001	0
	586.500001	0
	587.500001	0
	588.500001	0
	589.500001	0
	590.500001	0
	591.500001	0
	592.500001	0
	593.500001	0
	594.500001	0
	595.500001	0
	596.500001	0
	597.500001	0
	598.500001	0
	599.500001	0
