# Creator: REDTS 2.0
# Input  : red_15.cfg                                        
# tau =  15.00
# dt =   3.00
# Anoise =  1.00
# dof's  :  3
 .000000E+00   .559121E+00
 .828369E+00   .758750E+00
 .223370E+01   .112539E+01
 .325354E+01   .723364E+00
 .777594E+01   .537811E+00
 .808990E+01   .455138E+00
 .973779E+01   .686473E-01
 .128915E+02   .409166E-01
 .188223E+02   .135904E+00
 .234836E+02  -.167305E+00
 .279097E+02   .181565E+00
 .294744E+02   .509644E-01
 .313028E+02   .532596E+00
 .329520E+02   .117799E+00
 .381013E+02   .246860E-01
 .403594E+02   .640183E+00
 .419542E+02  -.229028E-02
 .468247E+02   .507228E+00
 .496505E+02   .905767E+00
 .518862E+02  -.182629E+00
 .556011E+02  -.537161E+00
 .599223E+02  -.276498E+00
 .627086E+02  -.358008E+00
 .669013E+02  -.119153E+01
 .682828E+02  -.120241E+01
 .712730E+02  -.745791E+00
 .785635E+02  -.763822E+00
 .803342E+02  -.936323E+00
 .847553E+02  -.497902E+00
 .876490E+02  -.183995E+01
 .936304E+02  -.111123E+01
 .956208E+02  -.779143E+00
 .978919E+02  -.112985E+01
 .998436E+02  -.123470E+01
 .101014E+03  -.106960E+01
 .106584E+03  -.132498E+01
 .109396E+03  -.366009E+00
 .110343E+03  -.367459E+00
 .113202E+03   .188734E+00
 .115052E+03   .744903E+00
 .117644E+03  -.544695E-01
 .121098E+03   .703751E+00
 .124422E+03   .661701E+00
 .125417E+03   .103913E+01
 .126403E+03   .276598E+00
 .130306E+03   .115498E+01
 .132508E+03   .467799E+00
 .134277E+03   .698076E+00
 .136973E+03   .962130E+00
 .139793E+03   .101644E+01
 .142674E+03   .407450E+00
 .145030E+03   .400642E+00
 .148314E+03   .253555E+00
 .152317E+03   .770945E+00
 .156171E+03   .687009E+00
 .160466E+03   .344798E+00
 .163769E+03   .404654E+00
 .167147E+03   .320569E+00
 .171598E+03   .934485E+00
 .172908E+03   .614844E+00
 .174366E+03   .777871E+00
 .177474E+03   .248466E+00
 .179317E+03  -.159406E+00
 .180932E+03  -.200357E+00
 .184449E+03  -.669490E+00
 .185066E+03  -.435847E+00
 .188520E+03  -.115871E+01
 .191719E+03  -.136209E+01
 .192665E+03  -.141870E+01
 .196329E+03  -.284985E+00
 .202455E+03  -.657561E+00
 .207532E+03  -.198681E+01
 .209170E+03  -.171253E+01
 .212970E+03  -.196133E+01
 .218443E+03  -.787360E+00
 .222662E+03   .234495E+00
 .227098E+03   .675529E-01
 .228405E+03   .266224E+00
 .230060E+03   .395760E+00
 .231262E+03   .114460E+01
 .234643E+03  -.447424E+00
 .241194E+03  -.167094E+01
 .243549E+03  -.204429E+01
 .246351E+03  -.193576E+01
 .249183E+03  -.239729E+01
 .254887E+03  -.879498E+00
 .259113E+03  -.121320E+01
 .263471E+03  -.170755E+01
 .267412E+03  -.960397E+00
 .271420E+03  -.453260E+00
 .274910E+03   .844614E+00
 .277409E+03  -.229075E+00
 .277866E+03  -.331137E+00
 .281409E+03  -.138677E+00
 .283431E+03  -.464342E+00
 .286600E+03  -.478705E-01
 .289757E+03   .256912E+00
 .292958E+03   .111536E+01
 .298031E+03   .174975E+01
 .300628E+03   .244619E+01
 .302113E+03   .206874E+01
 .311383E+03   .152161E+01
 .312185E+03   .960061E+00
 .312777E+03   .912210E+00
 .314435E+03   .684519E+00
 .320278E+03  -.167082E+00
 .325672E+03  -.611214E-01
 .330297E+03   .117615E+01
 .331113E+03   .125103E+01
 .333581E+03   .283680E+00
 .334510E+03  -.341877E+00
 .340036E+03  -.252175E+00
 .340907E+03   .162592E+00
 .345092E+03   .547691E+00
 .347053E+03   .132685E+00
 .348040E+03  -.634309E+00
 .352174E+03  -.101119E+01
 .359752E+03  -.658317E+00
 .362721E+03  -.294554E+00
 .365654E+03   .229053E-01
 .368352E+03   .597335E+00
 .369630E+03   .119611E+01
 .371927E+03   .131542E+01
 .375457E+03   .182123E+00
 .380330E+03  -.385627E+00
 .383652E+03   .302356E+00
 .388576E+03   .451368E+00
 .389620E+03   .239891E+00
 .393194E+03   .686433E+00
 .398152E+03  -.531692E+00
 .399726E+03  -.124198E+01
 .400744E+03  -.912424E+00
 .402962E+03  -.144965E+01
 .405837E+03  -.134861E+01
 .408480E+03  -.143591E+01
 .413448E+03  -.415600E+00
 .419312E+03  -.241567E+00
 .421382E+03  -.523426E+00
 .425532E+03  -.114574E+01
 .431827E+03  -.316238E+00
 .437716E+03  -.100426E+01
 .438479E+03  -.116393E+01
 .439967E+03  -.132562E+01
 .443831E+03  -.113108E+01
 .446422E+03  -.117416E+01
 .449331E+03  -.764554E+00
 .452921E+03  -.667367E+00
 .454323E+03  -.669594E+00
 .456943E+03  -.368414E+00
 .458072E+03  -.381490E+00
 .463348E+03   .455232E+00
 .466461E+03   .109600E+01
 .467575E+03   .111664E+01
 .469586E+03   .756770E+00
 .471150E+03   .511478E+00
 .473767E+03  -.469556E-01
 .477576E+03  -.587705E+00
 .478704E+03  -.410600E+00
 .482755E+03  -.109089E+01
 .483762E+03  -.123622E+01
 .488262E+03   .319206E+00
 .493427E+03   .938042E+00
 .495638E+03   .815837E+00
 .497480E+03   .890742E+00
 .501138E+03   .113654E+01
 .503725E+03   .793678E+00
 .506004E+03   .138168E+01
 .506903E+03   .122277E+01
 .508781E+03   .104570E+01
 .511376E+03   .186649E+00
 .512178E+03   .194378E+00
 .515655E+03   .761501E+00
 .519151E+03   .818011E+00
 .522371E+03   .126401E+01
 .523168E+03   .108878E+01
 .528381E+03   .176118E+00
 .531442E+03  -.109367E+00
 .536974E+03   .516029E-01
 .540457E+03   .138085E+00
 .544438E+03   .455610E+00
 .547365E+03   .307320E+00
 .552231E+03   .151430E+00
 .556372E+03  -.233678E+00
 .562213E+03  -.750641E+00
 .571596E+03  -.184139E+00
 .575043E+03  -.101576E+00
 .580676E+03   .102857E+00
 .583227E+03  -.228628E+00
 .586762E+03  -.306805E-02
 .589987E+03  -.213810E+00
 .592453E+03  -.129696E+00
 .595715E+03   .538580E+00
 .598215E+03   .864940E+00
 .599591E+03   .197831E+00
 .604197E+03   .527263E+00
 .613654E+03   .359613E+00
 .616000E+03  -.160588E+00
 .620092E+03  -.102014E+01
 .624164E+03  -.331921E+00
 .626415E+03   .187847E+00
 .629388E+03   .987636E-01
 .631310E+03   .540564E+00
 .633460E+03   .654664E+00
 .638137E+03   .116148E+01
 .641449E+03   .140415E+01
 .641825E+03   .145480E+01
 .644331E+03   .203534E+01
 .647773E+03   .253116E+01
 .653655E+03   .166794E+01
 .657461E+03   .147689E+01
 .659440E+03   .174600E+01
 .660204E+03   .173452E+01
 .661334E+03   .159101E+01
 .664138E+03   .124533E+01
 .665152E+03   .117960E+01
 .667093E+03   .584863E+00
 .670161E+03  -.598731E+00
 .672628E+03   .430412E+00
 .674706E+03   .203766E+00
 .676068E+03  -.219909E+00
 .683401E+03  -.559420E+00
 .685984E+03  -.380069E+00
 .688214E+03   .576525E+00
 .689853E+03   .935422E+00
 .693655E+03  -.807193E+00
 .697432E+03   .247851E-01
 .701413E+03  -.585745E-01
 .707122E+03  -.356346E+00
 .711312E+03  -.742722E+00
 .717987E+03  -.229666E+00
 .720742E+03   .844029E+00
 .727486E+03   .113329E+01
 .729854E+03   .135597E+01
 .733168E+03   .188856E+01
 .735218E+03   .164505E+01
 .738723E+03   .146583E+01
 .741228E+03   .107197E+01
 .743520E+03   .338637E+00
 .748429E+03   .290761E+00
 .749354E+03   .730536E-01
 .753634E+03  -.488915E+00
 .758292E+03  -.618792E-02
 .761592E+03   .568334E+00
 .762279E+03   .707063E+00
 .762992E+03   .593265E+00
 .766796E+03   .749875E-01
 .768318E+03   .361560E+00
 .775025E+03  -.207791E+00
 .776810E+03  -.571530E+00
 .781538E+03  -.120587E+01
 .784160E+03  -.234146E+00
 .784614E+03  -.189892E+00
 .791176E+03   .581239E+00
 .795443E+03   .121442E+01
 .798385E+03   .136997E+01
 .800458E+03   .974797E+00
 .803260E+03   .349328E+00
 .806857E+03   .710997E+00
 .809071E+03  -.127969E+00
 .809940E+03  -.231075E+00
 .812460E+03  -.313985E+00
 .816311E+03  -.905700E+00
 .819865E+03  -.152081E+01
 .822999E+03  -.402819E-01
 .825014E+03   .383703E+00
 .826844E+03   .273320E+00
 .831692E+03  -.101898E-01
 .834610E+03  -.283444E+00
 .836910E+03  -.462666E-01
 .838781E+03  -.340429E-01
 .839534E+03   .671067E+00
 .842452E+03   .572308E-02
 .846134E+03  -.110877E+00
 .849906E+03  -.688398E+00
 .850812E+03  -.133057E+01
 .852247E+03  -.576535E+00
 .856691E+03   .154267E+00
 .857649E+03   .174052E-01
 .858867E+03  -.139135E+00
 .861657E+03  -.638725E+00
 .863097E+03  -.573483E+00
 .865996E+03  -.104204E+00
 .867355E+03  -.211135E+00
 .870673E+03  -.428137E+00
 .872179E+03  -.196855E+01
 .876419E+03  -.205197E+01
 .880082E+03  -.211892E+01
 .883758E+03  -.186901E+01
 .889167E+03  -.969314E+00
 .890210E+03  -.864501E+00
 .890649E+03  -.108303E+01
 .893792E+03  -.113252E+00
 .898370E+03   .800471E+00
 .902510E+03   .624398E+00
 .907002E+03   .109564E+00
 .907820E+03   .438611E-01
 .909903E+03  -.174463E+00
 .911799E+03  -.620270E+00
 .917630E+03  -.472061E+00
 .923288E+03  -.823879E+00
 .927671E+03   .350670E+00
 .929239E+03  -.238721E+00
 .932609E+03  -.628842E+00
 .938060E+03  -.191292E+00
 .939580E+03  -.868896E+00
 .941155E+03  -.647285E+00
 .941706E+03  -.515527E+00
 .943286E+03  -.142228E+01
 .945138E+03  -.786990E+00
 .946952E+03  -.442239E+00
 .950236E+03  -.355203E+00
 .956754E+03  -.764131E-01
 .957600E+03   .176984E+00
 .965302E+03  -.440242E-01
 .966443E+03   .185289E-01
 .968896E+03  -.344823E+00
 .971351E+03   .197217E+00
 .973738E+03   .435046E+00
 .981993E+03   .469440E+00
 .983407E+03   .102617E+01
 .987237E+03   .429269E+00
 .993717E+03   .408168E+00
 .997435E+03   .730231E+00
 .999435E+03   .128882E+01
