1 4.166
2 4.166
3 4.0625
4 4.0625
5 3.9415
6 3.9415
7 3.741
8 3.741
9 3.703
10 3.703
11 3.703
12 3.703
13 3.726
14 3.726
15 3.726
16 3.726
17 3.498
18 3.498
19 3.498
20 3.498
21 3.498
22 3.24
23 3.24
24 3.24
25 3.055
26 3.055
27 3.055
28 3.055
29 3.055
30 2.869
31 2.869
32 2.869
33 2.869
34 2.869
35 2.967
36 2.967
37 2.967
38 2.967
39 2.7475
40 2.7475
41 2.7475
42 2.5715
43 2.5715
44 2.5715
45 2.5715
46 2.5715
47 2.5715
48 2.5715
49 2.5715
50 2.262
51 2.262
52 2.262
53 2.262
54 2.262
55 2.262
56 2.262
57 1.741
58 1.741
59 1.6275
60 1.6275
61 1.6275
62 1.446
63 1.446
64 1.3645
65 1.3645
66 1.3645
67 1.783
68 1.783
69 1.783
70 2.013
71 2.013
72 2.0035
73 2.0035
74 2.0035
75 2.0035
76 2.0035
77 2.0035
78 2.0035
79 1.8875
80 1.8875
81 1.8875
82 1.8875
83 1.8875
84 1.8875
85 1.713
86 1.651
87 1.581
88 1.581
89 1.5315
90 1.5315
91 1.5095
92 1.5095
93 1.4615
94 1.4615
95 1.4783
96 1.4783
97 1.419
98 1.419
99 1.3937
100 1.3937
101 1.327
102 1.327
103 1.327
104 1.327
105 1.2367
106 1.2367
107 1.2367
108 1.2367
109 1.1993
110 1.1993
111 1.1993
112 1.1993
113 1.1665
114 1.1665
115 1.1665
116 1.1665
117 1.1665
118 1.1665
119 1.1665
120 1.143
121 1.143
122 1.143
123 1.143
124 1.143
125 1.143
126 1.0675
127 1.0675
128 1.0675
129 1.0365
130 1.0365
131 0.997
132 0.997
133 0.997
134 0.997
135 0.982
136 0.982
137 0.982
138 0.9665
139 0.9665
140 0.934
141 0.934
142 0.9
143 0.9
144 0.886
145 0.886
146 0.886
147 0.989
148 0.989
149 0.989
150 1.0035
151 1.0035
152 1.0165
153 1.0165
154 1.0165
155 1.024
156 1.024
157 1.0263
158 1.0263
159 0.97033
160 0.97033
161 0.97433
162 0.97433
163 0.94167
164 0.93333
165 0.931
166 0.922
167 0.87133
168 0.85267
169 0.844
170 0.844
171 0.7825
172 0.7825
173 0.715
174 0.715
175 0.715
176 0.715
177 0.649
178 0.649
179 0.649
180 0.649
181 0.6605
182 0.6605
183 0.6605
184 0.661
185 0.661
186 0.661
187 0.661
188 0.6275
189 0.6275
190 0.6275
191 0.5745
192 0.5745
193 0.5745
194 0.5745
195 0.507
196 0.507
197 0.507
198 0.4515
199 0.4515
200 0.409
201 0.513
202 0.513
203 0.513
204 0.513
205 0.57333
206 0.57333
207 0.57333
208 0.57333
209 0.59567
210 0.59567
211 0.59567
212 0.59567
213 0.59567
214 0.615
215 0.615
216 0.615
217 0.615
218 0.6285
219 0.6285
220 0.6285
221 0.6285
222 0.6285
223 0.6285
224 0.6215
225 0.6215
226 0.6215
227 0.6215
228 0.6215
229 0.5745
230 0.5745
231 0.5745
232 0.5745
233 0.5745
234 0.4885
235 0.4885
236 0.4885
237 0.4885
238 0.43433
239 0.43433
240 0.43433
241 0.38467
242 0.38467
243 0.38467
244 0.33
245 0.33
246 0.282
247 0.282
248 0.282
249 0.2365
250 0.2365
251 0.2085
252 0.4235
253 0.4235
254 0.4235
255 0.576
256 0.576
257 0.576
258 0.576
259 0.576
260 0.576
261 0.576
262 0.8365
263 0.8365
264 0.8365
265 0.8365
266 0.8365
267 0.932
268 0.932
269 0.932
270 0.932
271 0.932
272 0.96533
273 0.96533
274 0.96533
275 0.96533
276 0.96533
277 0.929
278 0.929
279 0.929
280 0.929
281 0.89967
282 0.89967
283 0.89967
284 0.89967
285 0.89967
286 0.909
287 0.909
288 0.909
289 0.909
290 0.909
291 0.8575
292 0.8575
293 0.8575
294 0.8575
295 0.8575
296 0.816
297 0.816
298 0.783
299 0.783
300 0.834
301 0.834
302 0.834
303 0.834
304 0.834
305 0.8465
306 0.8465
307 0.8465
308 0.8785
309 0.8785
310 0.8785
311 0.847
312 0.847
313 0.8035
314 0.8035
315 0.8035
316 0.774
317 0.774
318 0.774
319 0.774
320 0.7675
321 0.7675
322 0.7675
323 0.7675
324 0.948
325 0.948
326 0.948
327 0.948
328 1.0435
329 1.0435
330 1.0435
331 1.0435
332 1.0435
333 1.0435
334 1.0435
335 1.0435
336 1.0435
337 1.004
338 1.004
339 1.004
340 1.004
341 1.004
342 1.004
343 1.004
344 1.004
345 1.004
346 1.004
347 0.9325
348 0.9325
349 0.9325
350 0.9325
351 0.9325
352 0.9325
353 0.9325
354 0.8015
355 0.8015
356 0.8015
357 0.8015
358 0.8015
359 0.8015
360 0.8015
361 0.71633
362 0.71633
363 0.71633
364 0.71633
365 0.71633
366 0.67567
367 0.67567
368 0.67567
369 0.67567
370 0.67567
371 0.653
372 0.653
373 0.653
374 0.653
375 0.653
376 0.76533
377 0.76533
378 0.76533
379 0.76533
380 0.83067
381 0.83067
382 0.83067
383 0.879
384 0.879
385 0.879
386 0.879
387 1.03
388 1.03
389 1.03
390 1.109
391 1.109
392 1.109
393 1.194
394 1.194
395 1.194
396 1.2195
397 1.2195
398 1.2195
399 1.248
400 1.248
401 1.248
402 1.248
403 1.248
404 1.2075
405 1.2075
406 1.2075
407 1.2075
408 1.0755
409 1.0755
410 1.0755
411 1.0065
412 1.0065
413 0.962
414 0.962
415 0.9185
416 0.9185
417 0.95
418 0.95
419 0.95
420 1.026
421 1.026
422 1.026
423 1.093
424 1.1075
425 1.1075
426 1.1075
427 1.1075
428 1.0475
429 1.0475
430 0.926
431 0.926
432 0.926
433 0.926
434 0.926
435 0.926
436 0.926
437 0.80133
438 0.80133
439 0.80133
440 0.72667
441 0.72667
442 0.72667
443 0.72667
444 0.72667
445 0.84767
446 0.84767
447 1.1707
448 1.1707
449 1.1977
450 1.243
451 1.243
452 1.243
453 1.243
454 1.2783
455 1.2783
456 1.2783
457 1.2783
458 1.2447
459 1.2447
460 1.2447
461 1.2447
462 1.051
463 1.051
464 0.9295
465 0.8155
466 0.8155
467 0.8155
468 0.8155
469 0.7635
470 0.7635
471 0.7635
472 0.7635
473 0.678
474 0.678
475 0.678
476 0.678
477 0.439
478 0.439
479 0.439
480 0.318
481 0.318
482 0.318
483 0.318
484 0.318
485 0.2645
486 0.2645
487 0.2645
488 0.2645
489 0.2645
490 0.2195
491 0.2195
492 0.2055
493 0.2055
494 0.191
495 0.191
496 0.177
497 0.177
498 0.1705
499 0.1705
500 0.183
501 0.183
502 0.21567
503 0.21567
504 0.20233
505 0.22
506 0.246
507 0.246
508 0.2345
509 0.2345
510 0.232
511 0.232
512 0.232
513 0.232
514 0.2385
515 0.2385
516 0.2385
517 0.236
518 0.236
519 0.236
520 0.3605
521 0.3605
522 0.3605
523 0.4365
524 0.4365
525 0.3435
526 0.3435
527 0.3435
528 0.195
529 0.195
530 0.195
531 0.14
532 0.14
533 0.099
534 0.099
535 0.047
536 0.047
537 0.047
538 0.047
539 0.016
540 0.016
541 0.016
542 0.016
