2000.04 77.89843 0.01411454 245.1694
2000.12 84.55269 0.04736563 244.0974
2000.21 90.48873 0.01159664 228.0257
2000.29 98.51514 0.006722419 218.8043
2000.38 96.63085 0.01561309 221.6346
2000.46 98.80647 0.007151564 214.0988
2000.54 99.61533 0.005704480 211.8778
2000.62 99.83595 0.005721811 209.5561
2000.71 97.44700 0.009208251 218.6861
2000.79 91.92053 0.01113875 226.5790
2000.88 83.98567 0.02255126 233.8341
2000.96 78.18568 0.01147634 244.8105
2001.04 75.53765 0.02138248 245.7835
2001.12 86.43400 0.06855140 241.2651
2001.21 91.03274 0.03052320 227.3995
2001.29 93.95206 0.02008209 226.8399
2001.38 98.83649 0.008223891 217.5442
2001.46 99.66652 0.003766629 212.2464
2001.54 98.45171 0.01346689 214.6997
2001.62 98.27588 0.02290082 220.7915
2001.71 97.97945 0.02912747 222.4936
2001.79 91.74503 0.03073854 232.0430
2001.88 87.37088 0.04162402 244.6953
2001.96 83.14120 0.03354244 249.3906
2002.04 88.16264 0.02946060 246.4485
2002.12 86.16691 0.08770754 243.3154
2002.21 90.41362 0.01280434 230.3241
2002.29 97.29155 0.02085065 224.8023
2002.38 98.58365 0.01251861 218.4568
2002.46 99.83228 0.005800661 212.3951
2002.54 99.23215 0.005566910 212.4766
2002.62 97.76103 0.01752385 218.5193
2002.71 99.81841 0.01308100 212.5620
2002.79 93.38745 0.005390112 220.7245
2002.88 82.57199 0.005997648 234.3703
2002.96 80.10789 0.01752098 246.3177
2003.04 81.35069 0.03981661 243.2625
2003.12 80.24060 0.008665306 238.6001
2003.21 91.53969 0.03025352 234.8020
2003.29 93.28807 0.01289231 224.5245
2003.38 96.78136 0.01084373 220.3148
2003.46 99.45022 0.007404971 215.5365
2003.54 99.65973 0.007829369 212.2430
2003.62 99.02299 0.01052671 214.5285
2003.71 99.89190 0.006038088 212.2358
2003.79 94.06923 0.01221903 226.0363
2003.88 81.14143 0.008464818 234.4015
2003.96 74.49954 0.007627754 241.9644
2004.04 82.52707 0.01694438 242.6856
2004.12 88.51149 0.04147060 237.9267
2004.21 93.03881 0.01369465 224.5765
2004.29 96.61016 0.03000492 228.6691
2004.38 98.36453 0.003858717 218.9478
2004.46 99.86194 0.01013958 212.0454
2004.54 98.76052 0.009486984 216.1764
2004.62 98.73734 0.008066775 216.6960
2004.71 98.08628 0.004939350 216.8625
2004.79 96.30378 0.01103069 221.5146
2004.88 81.76321 0.009567956 235.0485
2004.96 77.57561 0.01535627 240.8427
2005.04 82.15110 0.03190724 243.7862
2005.12 87.13415 0.01517873 238.5759
2005.21 89.61069 0.01655914 230.9608
2005.29 95.23905 0.01388379 223.2428
2005.38 98.78864 0.007207810 217.1989
2005.46 99.50987 0.009918422 214.9696
2005.54 97.86155 0.01042592 220.5009
2005.62 98.01694 0.01236478 216.7951
2005.71 99.91419 0.004258812 209.5754
2005.79 86.41863 0.003621478 222.4949
2005.88 85.54075 0.01979009 235.3797
2005.96 77.23164 0.004493824 242.1349
2006.04 83.63838 0.01935527 245.4664
2006.12 87.79228 0.03034053 240.4135
2006.21 94.38641 0.03550320 230.6609
2006.29 94.07823 0.01507851 225.0314
2006.38 98.91478 0.01659619 220.0696
2006.46 99.65874 0.005337231 213.4872
2006.54 100.0036 0.009591006 210.7338
2006.62 99.43468 0.005977091 215.4326
2006.71 97.39770 0.01078532 220.6856
2006.79 95.29974 0.006184464 222.8705
2006.88 86.67355 0.006164547 231.7471
2006.96 78.27398 0.01175668 243.8669
2007.04 77.35509 0.02570421 244.7106
2007.12 83.98856 0.03362663 235.7507
2007.21 89.89687 0.02010840 230.5515
2007.29 94.32492 0.02119078 225.0239
2007.38 98.30323 0.006057462 217.2037
2007.46 99.97942 0.005086255 211.4041
2007.54 98.66062 0.005499190 214.3996
2007.62 98.99385 0.007491846 215.1466
2007.71 98.03158 0.008789832 218.4702
2007.79 94.41026 0.01278788 224.2298
2007.88 84.15713 0.01412702 236.8529
2007.96 82.08697 0.02583934 244.9642
2008.04 78.45395 0.01253968 240.9688
2008.12 84.38099 0.03192527 237.9169
2008.21 92.75899 0.02475827 226.6274
2008.29 98.06114 0.01290252 220.3100
2008.38 97.49067 0.006411545 217.9709
2008.46 99.86507 0.005368985 213.9649
2008.54 100.0026 0.005675743 211.3714
2008.62 98.87369 0.005369335 215.6807
2008.71 98.49798 0.006371488 215.1516
2008.79 90.90644 0.002110838 223.6422
2008.88 76.84032 0.007718775 236.5079
2008.96 75.97265 0.006581391 241.9745
2009.04 79.38663 0.008483962 241.4126
2009.12 85.25806 0.01447921 239.1041
2009.21 92.99765 0.03021496 230.2971
2009.29 97.30217 0.01254616 222.2758
2009.38 98.29433 0.004704413 217.4691
2009.46 98.91325 0.01491034 218.0173
2009.54 99.38810 0.01375483 216.0009
2009.62 98.45139 0.009166443 217.2991
2009.71 99.98896 0.002846302 210.8712
2009.79 95.75031 0.003404721 220.6223
2009.88 83.30514 0.01490349 236.7067
2009.96 73.16585 0.01569685 243.5247
2010.04 80.39473 0.02601323 246.1173
2010.12 85.89017 0.03285575 242.1976
2010.21 92.78217 0.02635892 228.6308
2010.29 95.96370 0.01950652 224.1789
2010.38 98.84094 0.01704595 220.0303
2010.46 99.18420 0.004039300 212.9793
2010.54 97.92863 0.01668952 218.9885
2010.62 98.15845 0.007729383 216.7669
2010.71 98.96883 0.02085635 217.7592
2010.79 91.15849 0.03241289 232.4273
2010.88 81.70678 0.02550683 240.1098
2010.96 77.93151 0.01775208 243.5427
2011.04 77.69427 0.03171750 247.2739
2011.12 85.97623 0.04486114 237.8309
2011.21 91.94822 0.01728031 226.9172
2011.29 98.08258 0.007541101 219.9457
2011.38 98.78690 0.01579462 220.0516
2011.46 98.83662 0.01362677 218.3610
2011.54 99.82291 0.006166268 211.9334
2011.62 99.26931 0.005797371 212.6416
2011.71 98.96357 0.004437193 215.9372
2011.79 90.10236 0.03371686 231.2683
2011.88 83.11108 0.03025423 236.9373
2011.96 81.57030 0.01747535 244.8960
2012.04 82.63306 0.01367632 243.9877
2012.12 86.26849 0.04608279 242.1856
2012.21 87.46795 0.03771634 232.9051
2012.29 94.26453 0.01273813 225.8201
2012.38 96.84641 0.01520701 221.4513
2012.46 99.74789 0.005940209 212.1781
2012.54 98.18504 0.007405568 216.9959
2012.62 98.06845 0.009239229 218.2480
2012.71 99.92021 0.005074617 212.9590
2012.79 93.27093 0.008470043 222.8917
2012.88 78.46721 0.002386758 233.3916
2012.96 80.15533 0.01854154 242.9127
2013.04 83.01651 0.04441904 245.9516
2013.12 84.84550 0.04155907 242.7120
2013.21 88.45989 0.02334594 232.4579
2013.29 91.61176 0.03032365 228.0016
2013.38 97.30139 0.01497672 220.8307
2013.46 96.21560 0.01838038 222.5958
2013.54 99.82687 0.005765689 210.9809
2013.62 99.95806 0.01099708 213.5373
2013.71 99.14345 0.009243152 215.8821
2013.79 94.47897 0.002977241 216.3816
2013.88 82.26971 0.007605293 233.5739
2013.96 88.90692 0.03769958 247.4658
2014.04 81.82287 0.01165641 246.7522
2014.12 82.27712 0.03909006 238.7348
2014.21 92.04670 0.02370761 229.3776
2014.29 94.72462 0.04061826 229.7796
2014.38 98.28030 0.01754585 220.6300
2014.46 97.88693 0.01491489 218.5695
2014.54 99.84055 0.007157001 212.0569
2014.62 99.00687 0.004494309 212.8432
2014.71 99.81582 0.002740276 211.0937
2014.79 90.71972 0.01272404 227.3759
2014.88 83.69987 0.02059843 239.1676
2014.96 79.09107 0.02611958 246.9209
2015.04 81.86491 0.01480031 243.3454
2015.12 83.09344 0.01876195 237.0595
2015.21 91.09919 0.01223813 226.8395
2015.29 92.93137 0.01064139 224.9236
2015.38 99.41052 0.005532419 216.4798
2015.46 98.67529 0.01142795 217.7636
2015.54 99.44465 0.006306450 213.5506
2015.62 98.42934 0.01012350 217.5499
2015.71 99.83960 0.01014729 211.8250
2015.79 93.30699 0.004277437 221.9626
2015.88 80.86040 0.01465954 233.4635
2015.96 77.91525 0.01318581 243.2146
2016.04 82.93687 0.03307603 245.6412
2016.12 85.26151 0.03045701 238.6669
2016.21 90.52544 0.01181591 226.9574
2016.29 96.82895 0.02524227 224.2570
2016.38 99.08505 0.008440115 217.1975
2016.46 99.65937 0.009567966 213.5862
2016.54 96.27303 0.01380353 221.1242
2016.62 99.23306 0.005160320 214.8108
2016.71 97.72000 0.009384534 218.3288
2016.79 91.85628 0.006683270 223.2653
2016.88 83.09460 0.009322756 233.8636
2016.96 77.23174 0.009273107 243.5614
2017.04 79.85974 0.02640792 243.0170
2017.12 80.23528 0.02049281 236.5433
2017.21 89.96935 0.01294355 229.9672
2017.29 96.72148 0.007124859 221.1705
2017.38 96.83292 0.01669932 220.1234
2017.46 97.89911 0.01533711 219.5086
2017.54 96.90287 0.009172863 217.8267
2017.62 98.56330 0.004335964 215.4729
2017.71 99.45174 0.009342524 215.0322
2017.79 94.94334 0.02685295 227.4736
2017.88 80.46931 0.02360632 239.4629
2017.96 75.81283 0.02677028 244.3434
2018.04 80.33675 0.01088282 243.0521
2018.12 86.18182 0.05111626 241.3592
2018.21 90.46545 0.01180075 229.5534
2018.29 96.52687 0.04372513 228.4906
2018.38 96.83805 0.01547096 217.9060
2018.46 99.75605 0.01063705 216.7291
2018.54 98.92613 0.006346803 216.5888
2018.62 99.26020 0.009090334 217.2748
2018.71 98.67658 0.02757136 222.8903
2018.79 91.98255 0.008467000 226.1494
2018.88 82.83042 0.01490592 239.2293
2018.96 79.30416 0.01369104 246.0418
2019.04 84.26685 0.05580466 250.9535
2019.12 87.53854 0.04023035 241.2843
2019.21 87.67496 0.01009412 227.9255
2019.29 95.21385 0.007670538 224.2668
2019.38 99.68379 0.008888897 216.6216
2019.46 99.70889 0.005388222 213.8580
2019.54 99.59691 0.01074050 213.5378
2019.62 98.77387 0.01076012 218.7581
2019.71 99.52272 0.01277152 216.2973
2019.79 91.54034 0.007613977 229.7906
2019.88 77.02072 0.002770658 231.2874
2019.96 76.60740 0.03122615 244.7565
2020.04 83.14957 0.02612351 245.2910
2020.12 85.11822 0.02098503 238.1419
2020.21 90.82425 0.02698116 228.6203
2020.29 96.00217 0.05500988 227.6590
2020.38 97.55664 0.02841256 223.2028
2020.46 97.68755 0.02086766 219.3745
2020.54 99.60340 0.003947167 213.0914
2020.62 99.52661 0.009787121 214.7498
2020.71 99.63979 0.004677495 214.7977
2020.79 96.83932 0.002648368 219.9307
2020.88 88.49601 0.03994713 238.0770
2020.96 80.19711 0.01270550 244.5791
2021.04 82.98254 0.02387826 246.6163
2021.12 84.03119 0.01390012 236.2858
2021.21 90.60860 0.01350541 228.2281
2021.29 94.17162 0.01834136 226.0182
2021.38 96.93022 0.02654649 224.2938
2021.46 99.54109 0.01122532 214.8988
2021.54 99.45757 0.008410002 214.1481
2021.62 98.41975 0.01359147 217.9951
2021.71 97.96709 0.01165925 219.0927
2021.79 95.81831 0.01181399 224.7408
2021.88 81.48344 0.02228659 234.7407
2021.96 77.98682 0.008550039 243.2588
2022.04 77.59133 0.01127327 244.8638
2022.12 79.02207 0.04268463 242.0432
2022.21 91.86082 0.02004074 230.1262
2022.29 95.95361 0.01106058 227.8938
2022.38 98.35040 0.004515161 215.6729
2022.46 99.78720 0.005700210 213.3857
2022.54 99.58988 0.003999218 212.4033
2022.62 98.89101 0.009071196 216.2086
2022.71 99.34517 0.005405412 214.3657
2022.79 91.56016 0.007940333 223.7057
2022.88 78.30932 0.008938037 237.6284
2022.96 79.43079 0.04091540 246.8606
2023.04 82.34810 0.02441870 246.7638
2023.12 84.93867 0.02900448 238.1358
2023.21 87.16386 0.002180686 224.3024
2023.29 92.09115 0.01820971 228.8621
2023.38 98.70946 0.01300508 219.6742
2023.46 97.27280 0.004618856 217.5565
2023.54 99.96528 0.008931832 214.0176
2023.62 99.08955 0.008865649 214.0289
2023.71 99.07301 0.001986685 215.5500
2023.79 95.36876 0.01820696 225.7861
2023.88 77.36167 0.002599178 232.6292
2023.96 84.12206 0.03975777 246.6062
2024.04 84.57668 0.03178756 250.2322
2024.12 79.11977 0.02100637 238.2914
2024.21 90.60563 0.04757443 236.5660
2024.29 97.58391 0.01236263 221.9671
2024.38 96.78178 0.02576780 225.6621
2024.46 98.89899 0.01919446 219.6214
2024.54 99.29865 0.009659958 214.0828
2024.62 99.07011 0.01899437 219.3634
2024.71 99.92559 0.006527579 212.6291
2024.79 89.78313 0.009185794 226.8801
2024.88 79.83907 0.007197758 235.6122
2024.96 73.97668 0.03249188 245.3004
2025.04 81.76929 0.04850633 246.8466
2025.12 78.60453 0.02337366 239.4746
2025.21 93.58400 0.02246546 230.8133
2025.29 94.89585 0.01490343 224.2985
2025.38 97.04020 0.01260448 220.8323
2025.46 98.25417 0.008790385 217.3130
2025.54 99.22820 0.006131356 215.4750
2025.62 99.09049 0.005259438 214.3875
2025.71 98.49855 0.008005922 217.5739
2025.79 92.92631 0.01424257 228.0840
2025.88 83.61637 0.01375547 237.5701
2025.96 78.30000 0.006408485 242.1012
2026.04 85.55323 0.03788255 246.8028
2026.12 85.62283 0.03745896 234.7874
2026.21 93.52924 0.01862586 227.6816
2026.29 97.03189 0.01131433 222.3642
2026.38 98.96662 0.006274997 215.4829
2026.46 99.98868 0.009893246 214.1931
2026.54 99.44415 0.009971939 213.3292
2026.62 98.80837 0.006163896 214.9028
2026.71 99.43445 0.01204100 215.7153
2026.79 98.00817 0.003774450 219.0526
2026.88 82.41962 0.01350812 237.3946
2026.96 82.37283 0.01499940 242.2906
2027.04 76.34212 0.007204346 242.4933
2027.12 81.38029 0.02004080 234.9034
2027.21 90.54067 0.01043461 226.5269
2027.29 97.04723 0.01375014 222.9879
2027.38 98.19375 0.01101063 218.5021
2027.46 99.45755 0.009650028 214.7592
2027.54 99.12245 0.007011610 215.5699
2027.62 97.72153 0.008409004 215.2380
2027.71 97.86181 0.01490854 220.0742
2027.79 93.81546 0.01032966 221.3803
2027.88 81.75381 0.01293194 235.9036
2027.96 79.03517 0.008029427 243.1991
2028.04 83.65461 0.01921908 248.4662
2028.12 77.40813 0.001018056 234.4596
2028.21 89.39301 0.01288084 229.4811
2028.29 96.13926 0.008649007 220.5207
2028.38 98.87064 0.008619587 216.5185
2028.46 99.84925 0.005006475 212.8295
2028.54 99.67331 0.007223280 212.4692
2028.62 98.40554 0.007526354 214.4803
2028.71 97.57556 0.007983128 216.8295
2028.79 92.49335 0.008438330 227.2515
2028.88 80.10456 0.006559158 236.4485
2028.96 76.20782 0.01023501 242.0406
2029.04 83.45908 0.02128038 246.5341
2029.12 80.44220 0.03543044 240.1039
2029.21 91.10291 0.04566917 236.4587
2029.29 95.43126 0.01203940 223.5751
2029.38 95.17461 0.01922408 222.2243
2029.46 99.48357 0.01421930 215.1662
2029.54 98.69149 0.01050218 217.4469
2029.62 98.69421 0.01475256 217.1414
2029.71 99.66767 0.007284346 213.8605
2029.79 95.76836 0.007097822 221.0270
2029.88 81.50462 0.005468423 233.4628
2029.96 75.92286 0.01223359 243.2417
2030.04 83.94152 0.01552872 244.3187
2030.12 86.27614 0.01605098 234.7788
2030.21 93.48766 0.02047333 227.3444
2030.29 94.72490 0.01114553 224.0442
2030.38 96.62981 0.005300283 219.3201
2030.46 99.50010 0.008950493 215.1868
2030.54 99.88120 0.005795075 212.1055
2030.62 98.98542 0.008179831 213.7868
2030.71 98.65107 0.008745113 216.4755
2030.79 91.30318 0.009991577 224.8849
2030.88 81.38115 0.02856083 240.8746
2030.96 87.97063 0.04817351 246.9050
2031.04 79.94211 0.03809901 247.9469
2031.12 79.78493 0.01725785 240.0239
2031.21 93.97852 0.04614104 231.9769
2031.29 96.51169 0.01907241 225.7849
2031.38 99.35074 0.007136562 217.9671
2031.46 99.77649 0.01193702 212.7809
2031.54 98.46827 0.004740840 213.2987
2031.62 99.73574 0.01215320 213.5325
2031.71 99.81377 0.004375328 214.5529
2031.79 94.76533 0.003739450 218.7793
2031.88 80.31121 0.005589913 234.5290
2031.96 77.32489 0.007073951 244.0155
2032.04 77.28719 0.01902946 244.8001
2032.12 81.34322 0.02787858 237.3648
2032.21 93.79565 0.02303659 226.8496
2032.29 94.57205 0.02661393 228.6119
2032.38 98.48410 0.006665648 215.6670
2032.46 99.87650 0.003430979 211.9798
2032.54 96.47337 0.009603934 221.0511
2032.62 98.32358 0.007131596 215.3721
2032.71 96.57050 0.01535924 220.8250
2032.79 91.33519 0.01282554 228.0102
2032.88 80.30399 0.002438398 231.9399
2032.96 79.67897 0.02710355 244.8799
2033.04 80.05813 0.02504572 246.7282
2033.12 82.54413 0.008200229 235.0153
2033.21 94.28722 0.01579956 227.6981
2033.29 93.88373 0.01594278 225.8045
2033.38 95.75761 0.01441915 222.1919
2033.46 99.49255 0.01011248 216.2977
2033.54 98.00256 0.003488503 213.2587
2033.62 99.94445 0.003736827 212.4749
2033.71 97.00545 0.01002628 218.5250
2033.79 92.15894 0.002995494 220.6514
2033.88 85.05711 0.02496250 239.8183
2033.96 83.61670 0.01939334 244.3042
2034.04 82.44363 0.02062544 244.8815
2034.12 82.67353 0.03109221 240.0844
2034.21 90.16656 0.05648925 236.1267
2034.29 97.30131 0.01175310 221.2243
2034.38 96.82360 0.01394296 222.2398
2034.46 98.28425 0.009668995 217.0846
2034.54 97.03871 0.008108831 218.4298
2034.62 97.80199 0.009261874 219.0603
2034.71 96.94869 0.006261408 219.7877
2034.79 92.41514 0.01967421 231.4491
2034.88 79.48093 0.01242848 238.3427
2034.96 75.24146 0.01634539 243.6319
2035.04 85.10939 0.05083225 247.4184
2035.12 84.56992 0.07065287 243.0764
2035.21 91.61720 0.03206198 234.5809
2035.29 93.85787 0.01420652 225.5923
2035.38 99.33553 0.009809928 215.5697
2035.46 99.53242 0.004183068 214.3202
2035.54 99.97388 0.003885525 211.0498
2035.62 99.74152 0.004841706 213.6746
2035.71 98.51865 0.007264899 215.6858
2035.79 89.92229 0.02897179 230.9888
2035.88 88.38885 0.05524590 244.1268
2035.96 81.96942 0.05193380 246.5538
2036.04 88.85615 0.07093032 250.0811
2036.12 82.95940 0.01247169 237.6220
2036.21 87.26085 0.05044740 233.2391
2036.29 95.50565 0.009617762 222.3964
2036.38 95.41608 0.007924824 222.7837
2036.46 99.78986 0.004741288 212.5704
2036.54 99.71362 0.006924507 213.1344
2036.62 98.86696 0.006081520 214.8731
2036.71 97.38297 0.01324315 219.1037
2036.79 89.59467 0.04649315 232.8846
2036.88 82.27147 0.009164656 236.2904
2036.96 82.94026 0.01018035 245.8338
2037.04 84.74779 0.02051110 243.7633
2037.12 78.99828 0.03565352 240.9824
2037.21 86.56477 0.01790505 229.3725
2037.29 95.62641 0.03957333 232.8825
2037.38 99.43820 0.01579819 216.9122
2037.46 98.91214 0.01771679 216.6197
2037.54 98.03323 0.01062324 218.4867
2037.62 97.95528 0.008256640 217.1248
2037.71 97.59436 0.01453036 218.9817
2037.79 92.54265 0.01450889 227.4218
2037.88 86.23789 0.02508567 240.1931
2037.96 79.59202 0.03509321 249.9343
2038.04 78.93925 0.01622193 245.6884
2038.12 81.81238 0.02494607 238.9238
2038.21 86.76689 0.02808183 229.8158
2038.29 88.52487 0.01458724 228.6392
2038.38 95.88090 0.01530162 223.6377
2038.46 99.60133 0.007368868 214.1315
2038.54 99.80755 0.003325925 209.4184
2038.62 97.48708 0.008227940 216.9525
2038.71 96.21988 0.01130080 221.4976
2038.79 91.08981 0.006404934 224.8656
2038.88 82.79721 0.03140109 239.5094
2038.96 76.30440 0.02515051 243.7073
2039.04 80.89184 0.02480306 245.9008
2039.12 85.85083 0.01578045 240.3737
2039.21 92.47138 0.01682413 227.4851
2039.29 97.87675 0.009722766 218.8766
2039.38 98.44532 0.007029408 215.3487
2039.46 99.15912 0.009876883 216.9667
2039.54 98.94965 0.006025728 215.3771
2039.62 97.14056 0.007694706 220.8090
2039.71 97.91702 0.01931196 221.9789
2039.79 90.97150 0.04966847 236.5611
2039.88 84.30254 0.03253802 243.3230
2039.96 77.87649 0.03679109 248.0136
2040.04 82.82055 0.04072981 244.2373
2040.12 81.67163 0.03598663 244.5867
2040.21 83.57488 0.02111845 234.1594
2040.29 94.66320 0.02232863 227.3918
2040.38 98.61730 0.01979455 221.4918
2040.46 99.66193 0.005241937 213.6164
2040.54 99.79412 0.006103443 210.1564
2040.62 97.33801 0.02227865 221.1732
2040.71 97.11633 0.02870073 221.8690
2040.79 93.90220 0.005461723 222.2407
2040.88 79.52644 0.02220633 235.8415
2040.96 78.52707 0.007302295 243.1008
2041.04 77.62258 0.008867214 241.5666
2041.12 81.52784 0.04216860 245.2351
2041.21 88.81286 0.01395529 231.2225
2041.29 96.62828 0.008826075 223.5836
2041.38 95.93978 0.02813580 227.4052
2041.46 97.47271 0.01385370 217.0584
2041.54 97.38297 0.007214277 215.4151
2041.62 98.99252 0.002884583 214.2851
2041.71 95.92858 0.004937709 219.0301
2041.79 92.99965 0.006684263 223.9142
2041.88 81.11688 0.01329103 236.3511
2041.96 82.28207 0.01517852 246.7387
2042.04 75.67530 0.02586716 245.8333
2042.12 81.05700 0.01807802 238.4533
2042.21 90.19875 0.03306183 232.0253
2042.29 96.91131 0.01181228 222.2734
2042.38 98.40695 0.006798943 217.7416
2042.46 99.72636 0.01025622 213.0118
2042.54 98.47530 0.006626119 216.0351
2042.62 98.17659 0.004136505 216.2749
2042.71 99.73560 0.002403102 214.7296
2042.79 90.98994 0.008089542 225.0187
2042.88 81.15428 0.004465536 232.5668
2042.96 73.97888 0.008465791 239.7202
2043.04 81.02576 0.01642465 245.1049
2043.12 88.92326 0.03655658 244.2917
2043.21 92.13470 0.02113933 231.5278
2043.29 96.67883 0.01679149 223.3153
2043.38 97.60862 0.01160809 219.7538
2043.46 98.24235 0.01031042 217.7387
2043.54 97.32938 0.009136270 216.1055
2043.62 97.42954 0.006271236 217.2991
2043.71 97.48399 0.01285173 220.2455
2043.79 89.39797 0.005099624 221.4079
2043.88 83.51822 0.01629804 236.7590
2043.96 76.93675 0.009860583 241.1974
2044.04 81.37090 0.04313767 245.9468
2044.12 85.28890 0.02330003 240.6981
2044.21 88.11734 0.02496397 231.8558
2044.29 95.98083 0.01905173 226.0298
2044.38 96.96981 0.008865854 220.8458
2044.46 99.67113 0.008405429 212.8031
2044.54 97.08800 0.01153724 220.7267
2044.62 99.04076 0.009262851 215.7121
2044.71 97.46362 0.008265416 221.0345
2044.79 93.75334 0.006604071 225.0330
2044.88 88.32458 0.03378518 236.6637
2044.96 79.84271 0.01962435 244.2794
2045.04 77.60739 0.007450084 244.0963
2045.12 84.99424 0.01665970 238.1464
2045.21 94.17914 0.03330630 231.4010
2045.29 94.28571 0.01108350 226.1588
2045.38 95.75029 0.007570791 220.6418
2045.46 99.48621 0.005998826 213.2478
2045.54 98.93948 0.006174855 216.0412
2045.62 97.45535 0.008417616 219.0757
2045.71 97.54513 0.007090721 219.6206
2045.79 94.84270 0.01607320 225.3969
2045.88 79.12502 0.008121415 235.9994
2045.96 76.29935 0.004335865 242.5123
2046.04 81.16917 0.03053977 247.1473
2046.12 79.59605 0.02371592 237.7795
2046.21 92.03956 0.03060450 229.4022
2046.29 91.87332 0.008902909 225.1266
2046.38 98.18251 0.01094259 220.2652
2046.46 98.73391 0.007853821 216.2135
2046.54 99.43720 0.005903181 212.6413
2046.62 98.83283 0.006676268 215.6920
2046.71 99.47388 0.008547652 216.2241
2046.79 92.31100 0.007720485 224.8367
2046.88 81.28377 0.007648266 235.0258
2046.96 83.31016 0.01702316 247.4600
2047.04 82.43200 0.06113524 248.4678
2047.12 83.23873 0.03267742 241.0716
2047.21 85.96122 0.01294653 230.3355
2047.29 94.67785 0.01154390 224.7389
2047.38 98.51281 0.009754634 217.5107
2047.46 99.97265 0.009972917 211.8425
2047.54 99.67244 0.007576196 212.5591
2047.62 97.97432 0.01178504 217.7675
2047.71 98.98302 0.007518367 215.4530
2047.79 91.69730 0.01724558 228.2180
2047.88 77.61324 0.01071641 237.1785
2047.96 79.96737 0.009579465 244.9897
2048.04 78.28167 0.02146932 245.1346
2048.12 85.12067 0.05238927 243.4875
2048.21 88.09905 0.02482149 231.5970
2048.29 96.97159 0.01538110 223.9840
2048.38 99.42239 0.006677010 215.4560
2048.46 98.17751 0.01396263 218.1823
2048.54 98.26012 0.003409086 214.2645
2048.62 99.06196 0.006309938 215.3797
2048.71 98.67301 0.005307396 214.9887
2048.79 97.19096 0.01080297 220.3359
2048.88 83.53011 0.01471558 235.7075
2048.96 79.79012 0.02039111 244.4968
2049.04 84.68442 0.05580158 250.6526
2049.12 85.21448 0.01278519 239.9626
2049.21 90.20337 0.008730991 224.0949
2049.29 94.25268 0.01725500 226.0288
2049.38 96.62694 0.01191652 221.1126
2049.46 97.54906 0.01197281 217.0506
2049.54 99.63979 0.01027861 213.4138
2049.62 98.87402 0.008836885 216.1139
2049.71 97.85685 0.007024643 218.0316
2049.79 93.55573 0.008901068 226.0529
2049.88 82.84552 0.02452950 240.3147
2049.96 78.64799 0.02366675 245.9695
2050.04 78.01699 0.006313480 241.8468
2050.12 79.36787 0.01874934 237.3818
2050.21 90.34360 0.007591107 225.9160
2050.29 93.21951 0.01569100 225.7506
2050.38 97.77937 0.01608311 221.0139
2050.46 97.78320 0.01173140 217.3738
2050.54 98.99909 0.004232369 214.5378
2050.62 99.14072 0.005971924 215.4489
2050.71 99.97601 0.01234905 213.0094
2050.79 94.92965 0.006557250 221.3847
2050.88 80.99287 0.01360051 235.7007
2050.96 82.59637 0.01224448 243.4131
2051.04 81.70974 0.009738184 246.2330
2051.12 82.54411 0.02012181 237.9183
2051.21 92.38579 0.007226799 227.0553
2051.29 94.83542 0.01663944 224.2436
2051.38 94.95755 0.03121770 229.6478
2051.46 98.68003 0.01096417 215.7912
2051.54 98.64111 0.005449044 213.5412
2051.62 98.61308 0.003695622 214.2339
2051.71 99.32719 0.007706567 213.4467
2051.79 92.05888 0.005877199 223.3078
2051.88 81.07181 0.01167758 237.5496
2051.96 67.92815 0.003556180 240.3011
2052.04 83.05937 0.03889444 246.7678
2052.12 82.58047 0.01420345 235.4930
2052.21 90.92719 0.02335369 227.8131
2052.29 92.64378 0.03188803 230.9680
2052.38 97.29620 0.02265657 220.6056
2052.46 99.46467 0.003880717 212.7693
2052.54 98.48791 0.01634881 218.9360
2052.62 99.60503 0.007622873 213.7654
2052.71 97.57343 0.009147669 219.4240
2052.79 92.98292 0.02707469 230.4936
2052.88 78.86215 0.004340362 233.8181
2052.96 78.04216 0.02842459 245.5748
2053.04 84.33612 0.02190861 245.0530
2053.12 89.10342 0.02347727 240.3406
2053.21 90.96439 0.01814147 228.7723
2053.29 96.06988 0.03157025 224.1932
2053.38 98.19145 0.01569357 221.3567
2053.46 98.31383 0.01830466 218.2156
2053.54 99.94830 0.006978372 211.9629
2053.62 99.33100 0.009927141 213.8556
2053.71 98.19759 0.009935385 217.8960
2053.79 90.37490 0.01691840 229.1864
2053.88 84.51212 0.01366797 238.3912
2053.96 77.92769 0.008447661 243.6593
2054.04 76.20462 0.004969385 241.4693
2054.12 82.34889 0.02517772 241.4264
2054.21 90.93862 0.03420645 232.7697
2054.29 96.09670 0.01170007 221.6336
2054.38 96.76453 0.01122015 222.9014
2054.46 98.10809 0.01469451 220.1371
2054.54 99.13388 0.008554671 214.8983
2054.62 99.44494 0.008223303 215.4887
2054.71 99.74390 0.005133607 211.4962
2054.79 92.23930 0.01274569 226.6425
2054.88 84.43224 0.02858788 240.5757
2054.96 80.21378 0.01840835 244.9814
2055.04 81.36687 0.02952051 245.5128
2055.12 82.99288 0.06059697 242.0149
2055.21 89.22859 0.03020320 233.7035
2055.29 92.41377 0.02569840 226.8267
2055.38 97.23431 0.009134295 219.3275
2055.46 98.74893 0.01362408 217.4729
2055.54 99.25091 0.004852308 212.9709
2055.62 96.54751 0.008895827 220.8874
2055.71 99.11535 0.009768935 215.8783
2055.79 93.73058 0.007333727 224.0561
2055.88 80.58871 0.007983743 230.6185
2055.96 77.64113 0.009148279 243.1316
2056.04 84.32478 0.04164506 246.5164
2056.12 83.80042 0.01530104 238.7703
2056.21 91.34168 0.002626955 223.1290
2056.29 94.04687 0.02475697 227.8046
2056.38 95.92367 0.01686987 225.3364
2056.46 98.65500 0.01602090 217.6954
2056.54 98.95661 0.005725218 216.1031
2056.62 96.18603 0.01045987 221.3831
2056.71 97.50605 0.02564832 224.7448
2056.79 90.42815 0.01641921 231.4724
2056.88 80.54263 0.01798546 239.8492
2056.96 81.59903 0.009323807 244.7789
2057.04 87.31527 0.1027304 252.4056
2057.12 84.16344 0.01159938 238.0963
2057.21 91.18703 0.05408181 235.3749
2057.29 94.29082 0.02241067 226.2073
2057.38 96.46812 0.01184473 222.0153
2057.46 99.38404 0.01299437 214.8866
2057.54 98.93578 0.006302988 214.4021
2057.62 98.88033 0.006291544 213.3525
2057.71 93.02291 0.007892964 224.5524
2057.79 90.27944 0.02511751 225.4799
2057.88 82.63203 0.01029762 236.9243
2057.96 77.48228 0.004714067 240.5414
2058.04 77.92554 0.03150032 244.3914
2058.12 82.49067 0.06036367 240.9810
2058.21 86.78741 0.007536333 228.6719
2058.29 94.55305 0.02492087 225.6010
2058.38 95.95136 0.01705385 225.6692
2058.46 98.72166 0.01450963 220.0988
2058.54 99.33846 0.003811884 213.5654
2058.62 99.35654 0.009068383 215.9365
2058.71 99.23606 0.006367023 214.2188
2058.79 92.61343 0.005641039 222.7566
2058.88 84.67455 0.006652438 234.3209
2058.96 78.17585 0.001258958 238.9225
2059.04 77.68562 0.009638713 241.7396
2059.12 84.83138 0.03904708 241.6378
2059.21 92.16866 0.03454048 234.4661
2059.29 96.79771 0.01298921 223.7095
2059.38 97.94321 0.01056791 219.2491
2059.46 98.56384 0.02051300 221.1104
2059.54 98.32521 0.004745600 215.3119
2059.62 98.99963 0.006562150 214.5295
2059.71 98.94032 0.009094448 218.3828
2059.79 90.96981 0.007153770 226.0073
2059.88 83.50067 0.01534402 236.0420
2059.96 81.91475 0.02156663 245.4728
2060.04 87.55228 0.04286054 247.4885
2060.12 85.34736 0.03277888 239.2917
2060.21 88.49194 0.01795563 230.7086
2060.29 95.74027 0.007986239 223.7421
2060.38 92.84948 0.01749998 225.8044
2060.46 98.39448 0.04025805 224.3755
2060.54 99.00267 0.002708030 211.6130
2060.62 98.83258 0.007144235 216.3259
2060.71 93.41692 0.01689525 225.0919
2060.79 92.59614 0.002809092 222.3547
2060.88 80.60244 0.02970257 241.6585
2060.96 76.81487 0.02654655 245.8381
2061.04 80.12682 0.02076305 246.1020
2061.12 87.72659 0.06034895 241.7069
2061.21 87.17213 0.009186490 228.9165
2061.29 94.00851 0.01051184 224.2758
2061.38 97.72916 0.009402706 220.3490
2061.46 98.87861 0.01260297 216.7234
2061.54 98.86568 0.009597622 215.0201
2061.62 98.23116 0.01892449 217.5963
2061.71 98.65141 0.008291152 215.3129
2061.79 92.31870 0.01996900 226.8603
2061.88 78.45539 0.005909562 232.4127
2061.96 82.70942 0.04054624 246.7342
2062.04 81.57185 0.02533644 246.2455
2062.12 83.95920 0.02566704 239.5265
2062.21 91.52248 0.01187089 226.6840
2062.29 93.73869 0.02106675 228.0027
2062.38 96.08736 0.004949172 217.8301
2062.46 98.37228 0.02575405 221.8880
2062.54 98.63898 0.009563441 216.5178
2062.62 98.75899 0.006177710 217.2846
2062.71 99.34137 0.004521241 214.6158
2062.79 95.80817 0.01021208 222.6607
2062.88 84.40221 0.02318083 238.9604
2062.96 80.53497 0.02854253 247.4570
2063.04 83.18397 0.01343086 245.5207
2063.12 84.84888 0.02352130 240.5833
2063.21 91.68021 0.01275585 227.0441
2063.29 96.76074 0.01900212 224.1905
2063.38 98.26184 0.009153710 219.0981
2063.46 98.97709 0.01536155 218.5419
2063.54 98.96864 0.006720912 215.6002
2063.62 98.18109 0.007368218 217.6824
2063.71 96.19080 0.01126650 222.2522
2063.79 90.19134 0.008366966 227.6894
2063.88 80.27844 0.01276273 235.8328
2063.96 78.10966 0.01186442 241.5257
2064.04 78.94938 0.02465818 244.3343
2064.12 86.80264 0.06341119 242.9976
2064.21 88.47242 0.01666442 229.6689
2064.29 95.73712 0.03165103 226.4849
2064.38 97.37477 0.01430257 221.0217
2064.46 99.07637 0.01004837 217.4654
2064.54 97.62258 0.01643955 220.6987
2064.62 96.66844 0.005084867 217.7207
2064.71 97.13496 0.01375369 222.2131
2064.79 89.23789 0.008237713 224.1963
2064.88 81.65865 0.01563763 238.0350
2064.96 85.05146 0.02461790 247.6445
2065.04 88.04469 0.05028482 251.3874
2065.12 82.04139 0.05142432 243.7956
2065.21 92.97593 0.06538384 237.7686
2065.29 91.59798 0.02033859 227.2529
2065.38 98.48720 0.006020560 217.7614
2065.46 97.28721 0.01091562 218.9718
2065.54 94.56812 0.003347632 216.1918
2065.62 98.31414 0.009471286 218.6104
2065.71 98.15637 0.003315027 213.2196
2065.79 94.86377 0.02329066 225.7351
2065.88 82.37533 0.009751778 237.6732
2065.96 80.45083 0.01497844 243.5609
2066.04 76.81000 0.02044519 241.7977
2066.12 81.08882 0.02898219 238.6612
2066.21 91.12796 0.03255656 233.5249
2066.29 94.64143 0.02419421 228.3763
2066.38 95.59142 0.01434049 224.6951
2066.46 99.19467 0.01030348 216.8855
2066.54 98.47358 0.01566035 216.9929
2066.62 99.09681 0.02001313 218.1527
2066.71 96.34073 0.01752221 223.7540
2066.79 93.89484 0.003550152 220.2561
2066.88 84.82972 0.01272162 235.1752
2066.96 75.27808 0.01649254 242.9980
2067.04 82.74657 0.02826467 245.2484
2067.12 78.25076 0.02009486 236.1565
2067.21 91.12077 0.03531824 231.8476
2067.29 94.43600 0.01341926 225.1538
2067.38 97.48396 0.006015615 221.2224
2067.46 99.75788 0.005692711 212.8752
2067.54 99.70824 0.01153793 213.3571
2067.62 97.77948 0.01506011 219.8377
2067.71 99.85264 0.003735448 214.3164
2067.79 95.36780 0.007809665 224.0081
2067.88 81.22088 0.04017286 242.2169
2067.96 82.09969 0.007570682 244.0688
2068.04 76.04705 0.02559594 246.8276
2068.12 84.46177 0.03574311 241.0757
2068.21 92.16907 0.06333089 240.0163
2068.29 91.70113 0.01820413 229.1006
2068.38 98.11251 0.01061661 220.3180
2068.46 98.56812 0.01676484 220.0029
2068.54 99.15459 0.01042880 213.7295
2068.62 98.55714 0.01296847 218.7311
2068.71 98.80909 0.01083241 216.8462
2068.79 88.85528 0.008790126 225.4345
2068.88 82.77833 0.003758386 231.7976
2068.96 81.64951 0.03238532 246.6140
2069.04 79.90015 0.02031953 244.0228
2069.12 74.43417 0.01521233 237.7907
2069.21 90.31489 0.01986654 233.9468
2069.29 94.51594 0.02024966 224.4805
2069.38 95.75179 0.01497573 222.9268
2069.46 98.89492 0.008372785 217.9030
2069.54 99.58418 0.009246518 213.8741
2069.62 97.93336 0.02442266 222.2545
2069.71 99.42473 0.005716201 216.2676
2069.79 90.75211 0.01297444 221.4165
2069.88 80.87463 0.005909862 235.2313
2069.96 75.17495 0.007097922 243.3738
2070.04 87.38194 0.03776417 248.2407
2070.12 81.60172 0.01559708 239.9895
2070.21 89.19383 0.02528154 230.4529
2070.29 94.57795 0.02008860 227.5013
2070.38 98.72087 0.01096839 217.6608
2070.46 99.26222 0.008999452 215.0725
2070.54 96.27773 0.01499281 221.9762
2070.62 97.61888 0.005979224 218.6250
2070.71 98.37234 0.005972215 217.9040
2070.79 90.46227 0.01386701 229.9201
2070.88 79.21339 0.009914660 236.7256
2070.96 81.83665 0.01057356 243.9113
2071.04 75.02590 0.02077880 244.4193
2071.12 88.58878 0.03526448 241.6245
2071.21 91.21479 0.02983174 232.7089
2071.29 96.84210 0.01237736 222.6921
2071.38 97.52077 0.01064661 222.3255
2071.46 99.13486 0.02558981 217.9456
2071.54 99.53143 0.007234985 214.8159
2071.62 98.36506 0.006850001 216.2931
2071.71 98.00564 0.01823058 220.7337
2071.79 91.33341 0.007517730 227.3694
2071.88 80.85144 0.02635026 238.8586
2071.96 77.12527 0.02335239 245.3631
2072.04 78.39532 0.007675929 243.7308
2072.12 88.58802 0.07067844 243.3566
2072.21 87.37206 0.01204862 228.0618
2072.29 95.66174 0.01697035 223.3239
2072.38 97.62782 0.009224166 222.2048
2072.46 98.29678 0.01437789 220.4220
2072.54 97.56433 0.008274728 219.6374
2072.62 99.24731 0.01038301 217.1743
2072.71 97.78538 0.01060641 220.7128
2072.79 93.27879 0.01341394 228.5022
2072.88 80.23992 0.005691534 233.6169
2072.96 81.06779 0.003300848 242.7500
2073.04 75.27791 0.02566749 247.0736
2073.12 81.85442 0.03586417 238.7431
2073.21 94.00874 0.04851802 231.8437
2073.29 93.73132 0.06047409 234.1423
2073.38 97.16345 0.01189915 218.7554
2073.46 98.57359 0.01531576 217.4957
2073.54 99.30867 0.01025856 213.4199
2073.62 96.96455 0.01451716 221.7491
2073.71 99.56914 0.004876790 216.0038
2073.79 92.81275 0.009725850 224.9901
2073.88 84.65082 0.007335013 237.3470
2073.96 80.18279 0.01742864 243.6178
2074.04 81.77534 0.005883784 242.4970
2074.12 86.41515 0.02497937 242.2317
2074.21 90.23416 0.02491186 232.8935
2074.29 90.64545 0.02696001 226.8390
2074.38 97.00211 0.01026730 220.3078
2074.46 99.94889 0.006936217 213.6754
2074.54 98.47687 0.006088720 215.2021
2074.62 96.37817 0.01214141 216.6167
2074.71 93.59966 0.03010810 225.4077
2074.79 90.94122 0.01318635 230.5211
2074.88 81.12276 0.01340263 238.3503
2074.96 78.49326 0.02247282 247.0874
2075.04 87.39527 0.05002291 249.1703
2075.12 81.38197 0.02162155 241.2844
2075.21 89.25356 0.04326553 232.6555
2075.29 94.40403 0.03751913 228.0239
2075.38 98.19404 0.009579124 218.9246
2075.46 99.17071 0.007907933 215.1772
2075.54 97.89771 0.02052367 219.2011
2075.62 98.06404 0.008198302 216.7151
2075.71 98.79368 0.007636788 217.7949
2075.79 93.74900 0.001904112 220.6340
2075.88 77.38277 0.0009913458 231.5285
2075.96 83.38088 0.03323393 248.9340
2076.04 83.64039 0.02362071 244.6879
2076.12 78.83650 0.02691464 234.9696
2076.21 89.99046 0.02279725 233.0745
2076.29 97.91493 0.02091244 223.5396
2076.38 96.36538 0.01090281 220.4878
2076.46 99.42900 0.004423237 213.8904
2076.54 96.66771 0.004898551 219.7576
2076.62 97.75254 0.02222088 221.0370
2076.71 97.98885 0.007913603 218.2990
2076.79 93.34939 0.01782621 227.8650
2076.88 77.54286 0.007123798 235.8152
2076.96 79.34350 0.01128948 244.9199
2077.04 80.99165 0.04479593 248.8842
2077.12 86.00340 0.04478076 243.5769
2077.21 93.98500 0.05824269 238.5629
2077.29 92.95512 0.02627582 229.7188
2077.38 97.35716 0.01268736 221.2269
2077.46 97.16750 0.005726935 217.2858
2077.54 99.12431 0.003378530 211.7138
2077.62 97.72379 0.01101163 218.7551
2077.71 97.32763 0.006107359 219.5585
2077.79 88.95625 0.02078927 233.9719
2077.88 81.77415 0.01452343 241.1005
2077.96 78.55872 0.03712944 247.7547
2078.04 82.66415 0.02602079 248.2688
2078.12 87.99468 0.04570898 244.0074
2078.21 85.12308 0.04663742 235.6444
2078.29 94.63181 0.02504039 226.9972
2078.38 97.01032 0.004658904 219.5147
2078.46 97.43874 0.01061426 218.8977
2078.54 99.18413 0.005304371 213.9052
2078.62 97.65705 0.003962602 218.2261
2078.71 96.88692 0.03884616 222.7783
2078.79 89.53744 0.03734700 232.3616
2078.88 81.55828 0.01271675 238.5634
2078.96 81.08080 0.04249569 248.3689
2079.04 87.61922 0.03438037 250.1797
2079.12 82.20244 0.008309690 240.6559
2079.21 90.71190 0.02511788 231.0380
2079.29 93.48502 0.03066875 224.8226
2079.38 98.39513 0.01316942 219.3556
2079.46 99.25810 0.01564795 216.3311
2079.54 99.36911 0.01077687 216.1428
2079.62 98.26144 0.007719668 216.8854
2079.71 99.50845 0.003016717 212.6382
2079.79 91.08781 0.01450105 226.7265
2079.88 82.01585 0.02395019 237.6579
2079.96 81.39378 0.03148249 248.8148
2080.04 82.50479 0.01448091 247.5449
2080.12 88.40646 0.05935027 245.3176
2080.21 93.40042 0.02491276 230.8961
2080.29 92.89383 0.02106745 223.2604
2080.38 96.33698 0.008417668 220.6358
2080.46 98.97301 0.008948986 215.0471
2080.54 97.81133 0.01079298 218.0554
2080.62 99.23997 0.01493585 217.3131
2080.71 98.97676 0.01947903 218.3252
2080.79 93.19836 0.02128768 228.3979
2080.88 79.39706 0.02272021 242.2149
2080.96 77.84391 0.01069676 245.8325
2081.04 84.30705 0.05298087 250.5819
2081.12 87.63396 0.05405753 240.0717
2081.21 91.06604 0.02034567 234.0093
2081.29 91.67699 0.009005020 226.7664
2081.38 96.53549 0.01239920 222.9298
2081.46 98.67095 0.01249638 216.7452
2081.54 98.45399 0.006515140 214.7256
2081.62 97.76247 0.006840794 218.3495
2081.71 99.45312 0.009025401 216.9731
2081.79 89.57700 0.005339012 227.2729
2081.88 84.46687 0.03761461 241.0744
2081.96 82.32694 0.05153676 249.8253
2082.04 87.08462 0.03510977 251.2691
2082.12 85.57565 0.02289215 240.3779
2082.21 88.44403 0.04294141 235.5448
2082.29 93.86205 0.03268969 227.3968
2082.38 94.54035 0.01553338 222.5239
2082.46 98.55715 0.009956531 216.9729
2082.54 97.91284 0.007674664 214.6322
2082.62 99.60789 0.007995281 212.3705
2082.71 97.24559 0.01842903 218.2820
2082.79 89.21648 0.01726925 228.3868
2082.88 83.30383 0.02631247 242.9076
2082.96 81.45036 0.005669713 244.0350
2083.04 75.62199 0.01382157 244.4762
2083.12 75.36224 0.01137163 237.8750
2083.21 90.71327 0.02096004 231.5692
2083.29 93.61812 0.05878452 232.9654
2083.38 96.77094 0.01085950 219.4335
2083.46 99.44229 0.01075796 214.0160
2083.54 98.17223 0.008337588 218.5695
2083.62 99.43880 0.005656154 215.2933
2083.71 93.64978 0.01627924 225.6971
2083.79 93.37726 0.01191170 226.8311
2083.88 79.00539 0.01513527 236.6624
2083.96 78.93065 0.01867364 244.7498
2084.04 76.27176 0.01056799 243.0967
2084.12 83.69598 0.01181371 241.7831
2084.21 88.63213 0.01273126 230.9520
2084.29 92.34629 0.02416464 228.3416
2084.38 95.92478 0.008714905 221.6695
2084.46 96.75810 0.01141855 217.9366
2084.54 99.16653 0.003776144 215.4648
2084.62 99.37844 0.007059541 215.1304
2084.71 99.05040 0.01142656 216.3782
2084.79 91.66383 0.007355860 225.2304
2084.88 86.46234 0.04237363 245.4842
2084.96 79.17560 0.02367659 246.3273
2085.04 79.13229 0.008672164 244.0361
2085.12 86.37245 0.06462043 243.2441
2085.21 87.97588 0.02076238 230.3399
2085.29 97.89428 0.009000929 219.8487
2085.38 98.86879 0.01019203 218.0043
2085.46 98.88149 0.01031147 217.6586
2085.54 97.21806 0.02061182 221.5338
2085.62 98.94089 0.004339888 214.8851
2085.71 94.24267 0.004247984 220.5209
2085.79 89.48818 0.01249914 228.5361
2085.88 79.11604 0.01247860 238.2283
2085.96 75.36158 0.008131479 241.7255
2086.04 81.60805 0.008943259 243.4507
2086.12 85.59333 0.07301782 242.9210
2086.21 90.28477 0.02809235 229.5948
2086.29 92.43551 0.02229762 228.5318
2086.38 97.53890 0.006677947 219.4544
2086.46 98.68658 0.01363092 217.7132
2086.54 99.17473 0.009258902 216.9164
2086.62 97.98814 0.01240649 220.0004
2086.71 98.06402 0.02379097 219.5954
2086.79 90.57168 0.02177196 230.8519
2086.88 79.30122 0.01908258 240.8661
2086.96 82.39046 0.02277092 247.8577
2087.04 74.58819 0.03200463 246.9025
2087.12 81.90894 0.02497157 239.5535
2087.21 90.01717 0.01379290 229.0265
2087.29 90.70899 0.04062283 232.3388
2087.38 96.65896 0.02052427 224.7321
2087.46 98.08653 0.01361945 217.3483
2087.54 97.60999 0.01905655 219.3653
2087.62 96.62976 0.01676206 219.4141
2087.71 95.78524 0.007463938 218.9017
2087.79 91.44572 0.02022232 226.9600
2087.88 80.90662 0.009080234 237.0298
2087.96 82.49261 0.02039535 247.0437
2088.04 84.31753 0.01080311 246.9089
2088.12 80.71024 0.03169970 240.4167
2088.21 89.18539 0.04251744 229.7745
2088.29 93.02480 0.02072787 227.2731
2088.38 95.87663 0.01239716 224.4068
2088.46 97.01310 0.01168786 221.1541
2088.54 96.22490 0.009262528 218.9286
2088.62 97.58717 0.02847617 222.2844
2088.71 99.79419 0.02348709 215.4802
2088.79 90.46944 0.02442539 230.5642
2088.88 80.06323 0.02730173 241.6545
2088.96 84.86885 0.05661652 250.3850
2089.04 77.93584 0.02339094 249.0969
2089.12 85.57731 0.01715197 238.9014
2089.21 85.26192 0.04065818 235.7157
2089.29 92.13081 0.01733546 228.6363
2089.38 95.04347 0.004164951 219.3416
2089.46 99.12413 0.01118175 217.2481
2089.54 98.74312 0.01324547 218.2758
2089.62 99.30135 0.01691742 218.2673
2089.71 98.86690 0.01087086 219.2806
2089.79 89.61002 0.02104435 231.8020
2089.88 82.18242 0.02120415 241.4279
2089.96 85.57122 0.02344412 249.2942
2090.04 83.33062 0.04277237 250.4711
2090.12 83.00950 0.08031434 244.9317
2090.21 87.69701 0.02488499 234.0553
2090.29 93.41222 0.01653284 226.7712
2090.38 94.12673 0.01523238 223.6304
2090.46 98.77189 0.008733752 216.4302
2090.54 96.56947 0.008786311 221.2439
2090.62 97.08394 0.003146840 216.6105
2090.71 97.36840 0.01028727 217.2738
2090.79 92.89113 0.08729881 238.4014
2090.88 85.91167 0.03854644 240.8174
2090.96 82.02855 0.02147599 246.6217
2091.04 86.71455 0.03449677 250.0126
2091.12 82.75674 0.04907252 243.8387
2091.21 88.79415 0.04117300 233.5397
2091.29 92.15098 0.03338053 232.1069
2091.38 97.44512 0.01583146 221.7252
2091.46 98.97372 0.01188720 217.8566
2091.54 98.38972 0.03468014 223.8752
2091.62 98.44409 0.01015791 214.6940
2091.71 96.70227 0.008033190 220.7007
2091.79 92.65366 0.005461993 222.8225
2091.88 78.73080 0.004210244 231.0545
2091.96 75.56953 0.01600787 244.7348
2092.04 82.31577 0.03124917 246.4199
2092.12 84.08145 0.03030228 239.5830
2092.21 88.11470 0.02580968 233.5363
2092.29 94.57664 0.01561376 225.7643
2092.38 96.89391 0.01221061 220.5697
2092.46 98.97732 0.005577940 216.0032
2092.54 99.60030 0.005405996 214.0250
2092.62 98.31075 0.008511627 218.3899
2092.71 97.11892 0.01999881 219.9297
2092.79 88.06381 0.01501510 225.1012
2092.88 82.03281 0.006155691 234.3191
2092.96 78.22256 0.01649283 249.0673
2093.04 81.35712 0.006025637 244.6317
2093.12 79.43999 0.03470837 242.9337
2093.21 91.20349 0.03625081 234.4660
2093.29 94.13919 0.03495044 230.2294
2093.38 96.45003 0.03298155 226.2906
2093.46 96.62873 0.01802503 220.0091
2093.54 97.03539 0.007083720 218.4406
2093.62 99.11610 0.006790153 215.3948
2093.71 95.78819 0.009162097 222.0934
2093.79 94.75051 0.01646078 225.0803
2093.88 82.34193 0.02080721 235.9153
2093.96 81.98458 0.01941157 247.7053
2094.04 82.71114 0.02051738 247.7397
2094.12 83.78496 0.03995956 241.3826
2094.21 88.79286 0.03504834 232.4862
2094.29 95.89826 0.01501241 225.9230
2094.38 97.09071 0.01008805 220.4882
2094.46 97.93759 0.01847206 220.0776
2094.54 97.25645 0.006166063 218.2324
2094.62 96.87238 0.006436759 218.4278
2094.71 95.55233 0.005877658 218.8627
2094.79 88.89120 0.007106037 225.9378
2094.88 76.98743 0.008461316 236.9921
2094.96 85.56704 0.03372760 248.7054
2095.04 82.62133 0.01232068 246.6941
2095.12 84.13124 0.05930429 246.4444
2095.21 85.21964 0.04329259 234.9151
2095.29 92.44301 0.02800318 230.5851
2095.38 97.49312 0.007420972 220.2306
2095.46 97.92522 0.01240687 220.7495
2095.54 98.54323 0.003438494 213.7695
2095.62 99.90801 0.004553073 212.5770
2095.71 99.78855 0.008677307 214.9527
2095.79 92.28204 0.007839381 222.6682
2095.88 83.80186 0.01000903 236.5311
2095.96 85.33806 0.02355600 249.3697
2096.04 80.43343 0.04529331 248.0444
2096.12 80.30447 0.01927654 240.3587
2096.21 90.82494 0.01932619 229.6880
2096.29 94.14883 0.05067088 232.8627
2096.38 96.51894 0.01267853 219.4149
2096.46 98.98262 0.003325545 213.5806
2096.54 96.15124 0.01573679 223.3139
2096.62 99.86443 0.005654745 212.7803
2096.71 99.26318 0.01974523 221.7822
2096.79 90.64432 0.01445717 231.8265
2096.88 84.22836 0.02327728 243.5837
2096.96 83.04625 0.02880193 247.6256
2097.04 85.88789 0.08610135 252.1999
2097.12 88.09420 0.05823639 247.5470
2097.21 91.74771 0.03971262 237.1755
2097.29 91.91631 0.02507840 229.3672
2097.38 93.55301 0.009375000 224.0605
2097.46 99.68381 0.005493252 216.3747
2097.54 98.67422 0.004770505 215.5478
2097.62 94.34976 0.005529320 222.1913
2097.71 92.06707 0.008046047 225.9481
2097.79 94.02850 0.007586244 226.0746
2097.88 80.65574 0.007048492 234.0892
2097.96 78.11558 0.009908493 243.1756
2098.04 82.66526 0.02388838 247.0504
2098.12 85.72616 0.02757727 240.9690
2098.21 87.31193 0.02621068 232.1621
2098.29 95.64493 0.03958324 230.7870
2098.38 98.32195 0.009379089 218.4066
2098.46 97.83062 0.01011959 219.6650
2098.54 98.92657 0.008074425 216.4225
2098.62 96.87959 0.01382828 220.9344
2098.71 99.06512 0.01410462 217.9378
2098.79 92.95072 0.007295023 227.1366
2098.88 79.84393 0.02116879 239.5021
2098.96 78.77079 0.01387167 245.2431
